692567
692581
692929
692933
695021
695047
695059
695069
696763
696793
696809
696811
696823
696827
700573
700577
701419
701443
701447
701453
701473
701479
701489
701497
701507
701509
701527
701531
701549
701579
701581
701593
701609
701611
701621
701627
701629
701653
701669
701671
701681
701699
701711
701719
701731
701741
701761
701783
701791
701819
701837
701863
701881
701903
701951
701957
701963
701969
702007
702011
702017
702067
702077
702101
702113
702127
702131
702137
702139
702173
703679
704507
704713
704719
704731
704747
704761
704771
704777
704779
704783
704797
704801
704807
704819
704833
704839
704849
704857
704861
704863
704867
704983
705713
705737
705751
705763
706003
706009
706019