11.166161567638182
2.4853170517631056
-3.2210943655735313
0.3358810690372971
-3.0887221428832814
0.6722504637915254
-1.8366013950134934
-2.386391389589629
-2.2317464070998176
0.427133869335254
-0.3759102889397087
-3.0002745073417367
-4.680014458705157
-0.8831568465562519
-1.4655797470071708
0.029447366955017706
16.78067583319403
-1.8421036845394196
-1.3066268989566991
-2.3751997588179403
-21.484893179226546
14.720358879199388
-0.2805839348183684
-3.4870561601402827
-2.649584217617436
4.136174825296988
-2.3018759189162075
-0.9841948488870345
0.8696176008403973
3.4276611202084295
-0.01852204686502046
-5.185287809730128
0.6711820942807343
0.9311737758971002
-2.0937800385886325
-2.527998880323527
1.1251139810083908
1.0166322264148802
-1.0887922063135564
-2.3029811033281025
-0.615569144948835
-42.72430261210473
-1.347838708633091
-1.220484107781398
-2.075044917427873
-1.2718597045805071
0.8979769756519438
-1.1973685031852186
-1.5427276512789945
1.2391877373366005
0.8996088141174949
-44.975064824978595
-0.8867273892309991
11.182606673846571
-1.513003752792582
-1.0032653720325675
-1.194916915401162
0.5500164478338307
-0.9538265095227055
-0.02155335252216095
-2.4536628516646637
-4.768049508986207
-1.0924922502103918
-1.1677001939691056
-1.0745617869242883
-0.27074828529256934
-0.7431081126056804
-7.037107154199896
-12.105497805341122
32.777586588188825
-2.319555198022428
-2.8391401025561347
-0.467410065614693
-1.7292547578672255
14.461375277851142
-1.3313639978050231
0.00912777704412604
-3.084045287655821
-0.8076440832974697
0.686187046232339
-1.6739997549893064
0.8722962721905148
2.375573720696933
0.6703716182399333
-1.163543014168389
-0.374907875679631
-8.076297254497605
-1.0720920570563666
-1.2919772460641603
-0.9725473692585349
-1.6349038990962759
-1.1357273966101031
-4.431138482813182
3.604402372421789
-2.590447084927478
-1.1972574187074647
-7.2424776325185345
2.6254238805316925
-1.2389641469131496
9.284054404451973
-11.337304617224794
3.8359662209197882
30.48152862584122
1.3049627880412316
8.53181112363686
-0.5814124554422344
-2.4382047074929027
-3.5360825398111277
-0.9807434869442736
2.5689169466909525
-0.9571048353178889
-2.0009946907416434
-14.561926073924274
-0.46985314237988585
0.9748979084458349
-2.10871897932192
-3.1994635367987843
0.2626673784255944
-1.7606141710441698
1.4444929422394908
-0.1788796884645958
6.436342506981275
-1.3884960748047313
-0.2396897715715648
-1.250494744623525
-0.3972383845849037
1.5005847666482284
-1.4415189809029223
-0.3479455503088511
3.7927920017539005
-11.77755629410588
-0.9828622721226674
-2.00537082773423
-1.3875069865330625
-1.5912549959526094
-2.789432865077738
-2.5487673597736444
3.694419606690424
0.3156538608454533
-0.4277193134406617
-1.3765992842202126
3.0375348907168194
-0.20949380523347327
-17.7498829603962
-0.6358798276285272
-0.027470041772865494
3.541128493096217
0.31877838615228615
15.736696951620562
80.98833049767858
-0.6683893960807519
-0.9459540763691003
463.96950375996
-3.8031005275074543
-1.1300205640672185
-0.7882001460912633
-5.5121221843351
-0.9996614090605326
-0.7459929371577876
-0.821053590042738
-0.9710449282666876
-2.3192401091304715
-0.48969503181381124
-2.123618140748981
-5.698597568358954
-12.511206927767905
-0.09202714058009098
1.0635472216424335
3.897997311049905
-2.7434224537935314
-0.8850272953171474
-3.886418660364709
-1.8708815100873437
-1.4449102646451475
-2.7386607465994253
-1.134826766145883
-2.3127977080359554
-0.8080575744008829
-1.3016365210357697
-4.985271565121446
-1.4449651819676452
-281.86760949493157
-1.0653778154287203
-2.2105348480082148
1.6173201782007047
2.399171903584559
-1.6882251567483664
-3.8936881791731657
2.6888319024557394
-0.641531268775038
-1.789390435627646
-1.615178345240413
-0.4533482448397571
-2.626749492746387
-0.8564343197603242
-0.1855107272615757
1.2393971444759715
-0.7890310203132159
-0.2163390688718454
0.15214839185396878
1.1204559209148357
-1.8859834648707563
-2.563261354782681
-0.9623365592718015
-7.48774113068669
-1.1892817786311154
1.5516283287582353
1.6522781724740208
4.66761829858555
-0.8581055579926662
-0.8869206683332425
-0.45750268761604784
-0.3835642465712513
-1.008965995555571
-1.2145774385869208
0.41786632593815587
-62.277465962469066
-1.7155030973748673
-0.33082801667483763
-1.3400548115408275
0.8690352214819075
-2.4101828231394977
-29.759699501345697
39.93554424304078
-1.899548992139738
-1.79193619935144
10.689890687076089
-0.8927798043298976
-11.350084844007228
-0.30450035352719873
0.12434078091369316
-0.11369635943560541
-0.7202688382492557
-2.4827877970106966
-1.0469431726918406
5.75793915421371
-0.6806050151038697
-1.5532830724867221
1.226602230113497
-0.5932413028596034
6.116976615991362
-3.0511696155469825
-0.7562677964465832
-3.960327125690411
-1.7700301748189577
-2.581576377599709
9.66182407077606
-4.378716422663437
83.12343142145845
-2.1021332625871674
-1.4882437127588892
-0.9811503141056104
-0.08493786769958522
-1.1398877914487295
0.05357064707037473
1.525761766618222
-1.111176732441764
21.435727863298986
-2.4679350357234693
-1.9931443946811376
4.484376329955377
-3.931082213072405
-1.2784345248285005
-0.8358529941170826
-0.0001342020249335274
1.3112187039569512
-2.3230926178121827
-0.9992590245426513
0.4126963396404013
-1.9502533092064889
-3.3607995695286386
33.82988035201216
-1.4197805571904973
0.41574760000759015
0.2508681796706913
20.190428358368507
-0.6909591178459795
-0.040549887081394065
-0.6765619586146951
2.126167785681547
-1.0323367196930222
-0.4867366353453012
-5.5367153192189065
-0.9772623694598885
-1.0775605352295525
-0.7327437245097528
-0.8838061735017666
-1.6883961022317155
-1.3747476872228774
-0.18410254634345935
-1.1399030529724985
-1.1934700574604267
20.099287612348537
-1.015223258293261
-2.899545158976305
-6.663509427152771
16.678258962023186
-1.951034800343913
-4.019768852880969
-2.1836676873739638
-0.8478918906480145
-1.3504583224971045
-0.38881194476347614
-1.6831516066226544
-1.5871795195858613
9.491988740332014
-1.2522342746794606
1.3599094032602714
10.137479266475744
1.6287607251041303
0.6735142910895298
-6.79870688376089
-3.561164252588383
-1.0100116666019785
-0.7215799489973429
-1.0955245979863415
4.712962798632995
0.1616447210047649
-1.4921082186917534
-0.6861285146925491
-2.779436671603121
3.3551487032418796
-12.827302552879564
-0.41481093163384286
-0.8721611970189069
-0.8084452201806543
-1.0047868903082324
-6.012764039088076
2.689009021189384
-1.735768932107165
3.488133369483232
-2.4448176433576125
-0.2060959441512742
4.086425193805316
-0.9537399543523664
2.025033487716214
7.0992736035202935
-4.601324665614145
-0.049201893706814825
-1.5650104711879766
0.3966343087875399
-1.7389976223813797
-2.753341593619332
-1.4304102900427238
-0.9516932714423895
-0.18602970928613116
-0.42808996469334715
-1.1146659565452899
-12.697495923456959
-2.186121413249085
-2.2169460298536645
-5.7194058589587815
3.400530872811136
-6.061377134352555
-2.799513504761295
-0.9701521867371583
39.01692199965401
65.82352567644553
5.881509958542169
-1.3485630466639773
-2.533168388791659
3.877264108195762
-1.161271225579722
-1.066650752548102
-2.5395765451134023
-4.44427630092866
-0.46805375040149955
-4.9662450491273855
-1.3388590325419973
-0.6787320272468322
-64.54977112236739
4.942236366894888
-1.093423694210429
-0.37369000140146613
-3.6046085095408285
-0.40620737807539353
-1.6652312423287146
-1.9496104111219537
-5.9332069931002085
-0.8109635212373005
-0.6573219414615853
-3.3916677179680437
-3.156946544780369
-9.478543606575764
0.5369146608488582
-0.7930721523034495
-3.5879272089178373
-0.897923966581625
-0.15962217006187418
-1.0143081380829984
-12.012152127801762
1.2645278382907463
-1.2583915307303912
-3.623339308835235
-1.2693075567132477
-2.9337983992264904
0.821342181885881
-8.318742480545714
-3.916623405053072
-2.687694544941412
0.12803591983950646
5.761702282280342
-1.1000168102213783
-1.8560583470855483
-1.4754229614061267
-0.16387080648324215
-2.457013831503696
0.1670499591305432
-3.04684451186624
-5.875700882723484
-0.8764249359004619
0.6601809605795859
-0.8044346888675415
-0.37260950012353833
-3.5268506025834148
0.6889748079937559
6.59458704599218
1.5740267064543696
-2.926181464473738
-1.6911932663585407
-3.6583886727810246
0.039626378630126524
-2.130187706543781
-1.697341172040033
-1.9679447729058166
0.24251233506188496
-0.7111485781276912
-1.8150938273277624
-0.7868713366066806
46.945880881415434
1.3329331901278318
-1.0200003452284898
-2.26371051210624
-0.6941643571862246
-1.3615549710875092
1.770146024926572
0.9653853265578343
-3.448726696105596
1.98574247666425
-0.9914801671248653
-0.5190426502589343
-4.830596994964639
0.9565836892373338
-1.5585672575616025
0.20204210940733103
-5.155976936729201
-2.6662050239993014
0.09336086321995163
-1.0392780418717615
-1.1304747995360138
-0.9231200194809505
-1.3071630317953167
-0.8382153514565107
-1.0857800784392972
-5.672562163674407
-0.9081409778262335
-1.618009012522068
1.6726614922867737
-0.13691297003225777
4.272440516383475
-2.024322559554271
-3.2024107794416965
7.1864722347124665
-1.436338403610668
1.1370374409357402
8.88097080679031
-12.885598785658045
-1.4609534650111036
-1.602058116352715
-0.7477531870993793
-0.05205428747697449
-0.38483968661556667
-1.1904808383023249
-1.973893818214298
0.018225969253668817
-2.804846178646752
-3.1105103717446347
-0.9629270205586207
-1.7154453254007245
-2.8092628958331938
-0.8840921413195009
-0.05964744158372115
-1.027720194189047
-1.3401274083299
-1.274037902993166
-1.5477345755655987
-7.832407739457061
-1.4824612081341668
-1.9499766717278084
-1.4459618924534514
-0.7247324495199956
-2.4106849990704236
0.07155193418675565
-0.4277073504659473
-1.3829712153569527
-3.6022522796970224
0.8849727968254448
-0.940757333084304
-0.5388737846286916
-1.919682840149577
-2.6492848100064306
0.22990946060320283
-2.1173315947106106
-3.6897267321097202
-2.6953606458723076
-0.910270398149766
-48.06782029025137
-1.4427112895469676
-0.9071955834675518
-2.537398697830358
-0.9416366041195473
-1.5507448710330949
-2.072833147574082
-2.66796821365349
-1.677290529565517
0.9521226259499298
-4.4929104690539114
-6.762612252027771
-0.38360710926812513
-0.6408674658323832
-0.3153557771785739
-2.6798742730185587
3.101555064848162
-3.5145411625873915
52.916023695121595
0.19374121811844924
-3.029504743758965
-6.506127365435202
-1.7358609531879918
-0.3083495007861391
-1.0634806308361733
-2.7865826115556507
0.14142139989924796
-1.2206371480654463
1.4708738943727266
-0.5435783268243538
-1.1130952828625753
0.9538438610603606
-1.4361818358098153
-12.752071521794567
0.6641131143827279
-1.797094237772956
0.6736954293898687
-0.5982165142001388
-0.13727285340147888
-2.384653029059063
-2.0634852769806757
-1.5643493544298637
6.114919502949396
-1.6765302263585373
-1.1147478314324502
-3.8340058715259167
-1.9665964581409152
-2.034032902671942
-1.001293031586259
0.234117571759082
0.6705805161390515
-0.41398294003502
-1.9656611811977558
-0.9668099960711927
-1.4958539719057298
3.793092757838626
0.48544698303869604
-0.5665930169559777
-0.9912250034279642
-2.2205762610880093
-2.5229842710593884
-5.841477045981744
6.264576740517492
-2.787815326279537
-0.6832724015043538
-2.285712433925398
2.8239538457056
-24.097366989617313
-2.0637160469399616
-1.6059755151011466
-3.255501975662668
-1.8980630927978348
-0.8796946350807322
-1.2321504966144852
-1.3316590552288208
0.41092340951645157
2.7707341484432497
-0.4004818419686921
-0.7301182973986294
-0.8957483180440157
-5.4444469574246765
-1.9699526911709166
-3.018141139253013
-0.8964747063143702
-0.16799560324904939
0.35137898702162285
-3.0613052894910378
-0.32082808392045525
1.7796955148781195
-2.086048587461252
0.010837720595992861
0.830422999531526
-0.44103625789824175
-2.2147195531584405
-1.830675766041748
-1.2819223674692237
-1.1575878349718223
25.159574562990812
-0.344362097788137
-0.8000011521311209
0.07288113581087186
0.170843315352605
-0.7081483854308204
0.5887118564980742
-1.119888507184021
-0.3091871081556019
0.36823739437811653
-2.1399791198377223
-0.8570629782860185
-3.483297690777314
-1.682307596967307
16.09193019099523
-1.344958798853029
-0.655321572154207
0.7067229370152035
-0.7906940347700955
-0.8431089379820504
-2.082006665927279
0.39270432161038715
-1.3108909927703842
11.060657112776216
-0.8324742449842728
2.0965696967664984
46.18992645422491
0.5466978722117182
2.8850981503046498
-5.778286203521633
-0.8566277805926745
-0.3443565085654581
-1.2248588531386946
-36.34945325185799
-3.345545253312287
-1.3269477369742506
-1.7900427988727743
-2.11963403095363
-1.6948438482844432
-1.8830293261281454
-0.2643807044005724
-0.8689527246762199
-1.8146714197908405
1.034323372910385
-1.8371928925187087
-5.84947188749238
-0.889644008460577
-2.1425297402715247
2.28538661986899
0.10382580314271617
7.4626527356839745
-0.004361344113782084
-2.9380460131976225
-1.1253503654275514
-0.929867248452126
-1.6346844050023095
-2.98781390594555
-1.582226898768722
-1.4288522726970299
-2.8470056912684774
23.22794719474485
5.090683462557554
-0.9810360720453332
-6.344038565240464
-0.6540953250570246
0.1651212134951725
2.266203771356626
-2.78330891626542
-2.539210292432971
-2.465080249162381
-2.703466790315346
-2.215716479454949
-13.185061854898603
-40.75379188889635
-0.4559099971844114
-1.496005534502815
7.132261958929732
-1.0544704651444552
-3.1400712242188256
-1.5828136632100551
-2.1630635154236932
0.7210231874783859
2.8347133579001786
-1.599871072088999
1.125223409617388
-1.9864969220116966
-1.0316932546166409
-2.5033344079863804
-0.6965642468396265
-1.2257371209673695
-0.4106523608456115
-2.4518510603964714
-2.0600293705615362
-0.809998171592161
-2.0651108018657336
-1.5891484834825425
-0.7183973825654437
1.1820678752145954
-4.458636279140306
-6.35362929733275
0.2402091334685168
-0.6786531762294232
1.0137585870563335
-0.7833505386960086
-2.0970004178690695
-0.738222817549921
-6.930955143495638
-0.8429206192872071
34.07704304441619
-2.4127639283966307
-0.06578960402587064
-1.121206456323392
-0.543679405650153
2.627351419528827
-0.5683393787143052
-1.7583968379137567
-0.3524457831807616
-1.678844821220853
0.014244394406585759
0.7160051960609413
-1.1282919748086393
-0.7603895346882503
-0.7298526874231601
-1.2326918917875267
-0.9946737443247505
-0.8953807646655662
-0.3091574061971959
-1.9540510465123755
-1.1777055512575907
-2.835662394236225
1.4375067553992653
-4.231108134988686
-1.2929265756514976
-0.7099925578224764
0.42256816348724624
-0.7633283689772837
2.0731249082311862
-0.5110151451254582
-2.800461129317588
5.4264429020676195
-2.4908330682837905
0.788380884605612
-1.8251274069184706
-1.412778055405144
-2.315302179534891
1.8992440676212925
-1.7726521947414149
-0.4766277279471709
4.303201219123744
0.1138077367742536
0.029377991995605424
-0.9578228918368661
-1.6546149336242253
-2.9388967580859084
0.4691254448667872
-1.4272331375146128
-0.7091773889792506
-0.9960615452306191
0.4591195884623851
-0.6835600068965106
-2.0238383416350674
-0.8617661224490452
-1.125685872790993
-1.8232340843891461
-1.3974111696734979
-1.745493241038071
-1.0966553983916105
-1.0153791716357652
-0.7091280879865625
-0.7411523734379675
-0.37172331779895595
-5.824843126472114
-1.422375600329731
-8.83340311727937
-0.23364135612805992
0.7055137876927673
-39.29727367018598
-0.47064295119775035
-4.186733951597533
-1.2706342591604094
5.809712362050438
0.037430214141159546
4.455842414889519
-1.0353162175367774
-0.10464555446359236
-0.8663933016151073
-8.50450916802211
-0.8973561427563127
-1.6075676387078661
-4.186375878585761
-0.8920449692406931
-3.8178042136037282
-5.876442607951306
2.1065333638943406
-9.50002638816484
-0.5957931058487771
-21.923002560933462
0.9702890876054453
-1.767272314054685
-0.7124742158708383
1.4427968764445125
0.14790047029525
-1.7264853399291424
-1.3250066255396111
-1.450002171603251
-1.2005395457508714
8.818010852906461
-0.7202108651135197
-3.7569829473328777
-4.932127816148601
-2.0411682505782034
-0.7147570886494526
-8.539858603319
-1.293410580941243
0.06914590095479722
-21.006327945636453
-1.824538183068923
-3.314993850877703
12.522902468106354
-1.2625310657138218
-0.9042392146555013
5.669677152266617
0.5138699707055425
-0.8471185845574847
9.145381427596202
-3.6968872624859035
0.40043122288971045
-3.353919944561412
-0.543033714536062
-1.3746242599721659
-0.1867683551224405
-3.6762258204040466
-1.5963824402880213
-0.6703594655007761
-0.16711250166589375
-1.1153515589365017
22.080266694507994
-0.4491067479529143
-73.80689777451228
-1.3244720986054777
-0.7278647253785566
-7.31539644159096
3.2410978238061308
-2.5864893228200074
-0.9176991500906845
1.122598958040549
-0.47082043991096967
-1.4991530842849679
-0.9053525598036274
-1.7413909825808869
-1.6884150422768986
-0.8849865508761545
-14.861033391793375
-0.2659707263882485
-0.6960655433006575
-0.3889994938316742
-11.724685412101044
-5.98591558007786
5.516087241525941
0.42644778392175664
-0.7974518486619105
-10.030033905445787
-2.455725220922215
-1.6040141195420938
-0.9435862162375274
-1.1524079038836816
-0.5408656301494177
0.08706943675599654
-6.67182049251035
-1.5373110622589126
0.08860524654601676
-11.991989678639651
-0.9997702267678362
-1.1585985335325364
-1.5487894702994789
-2.418956610054292
-0.13828678375863213
-2.05979465249246
-5.441500487994406
0.043536093841099355
-7.1489600916941365
-1.2351118624441815
-0.10584043148076383
-1.3427750681475397
-0.5889722554960531
12.457216684859038
0.562248552461118
-2.0303460301541136
-1.6465820776294042
-0.5536851938633367
-0.36833038752793523
-0.4395562238550139
-3.5960235944646963
3.535417984955611
-2.821896627358446
-1.0421982087457045
-23.78006800448791
-0.2432823442668015
-0.04199347405216913
0.4446520628551027
-1.3469002527063154
-3.5691739068451755
-2.4677361547709538
-2.127821948996818
3.3182699196124688
-2.793257630997244
-0.3621872137059078
-0.5084543136335961
7.580148385792199
-0.34452400546863426
-1.1498946125610103
-1.0435247109915
-1.2746898337129957
2.1213382890839814
4.650929863025889
-0.995599980693721
-2.898353788901959
-1.2907055422521525
-1.2103438347238589
-18.585205199053604
2.1501008514704085
-0.23589844533066218
-2.561272184156959
-0.23754401960952964
-0.6148329049687186
-2.3217963257372523
-5.664921200308826
0.96631251530419
-1.3699257701035885
-0.017515186385859693
-0.09082314129012958
-3.973921290617093
0.5869358038568802
-0.6099618862442433
-2.1319716047796193
0.09213834376911878
4.015945584747481
-5.556689443299201
-3.0730089860448135
-0.8836404909947566
-0.8207519114539117
-1.6151995595601893
-2.0210594710296714
0.36342961902538096
-2.467453494830082
-3.945452504751626
-0.5315465595571447
-1.4560462829931882
-1.210957925946016
-0.5483328873925121
-1.3779396042123933
0.005744838790866069
1.032722871103537
-2.7152740573013823
-0.4791586463059936
5.002414521336205
-1.3818449494248122
49.04029380271201
-1.4736330225469207
-0.38350380964098085
-2.3059497895118373
6.47049919659502
-1.691586237209196
-2.8321739628731972
-2.849485346356174
-1.0738356679919587
0.6746346355299189
-1.374228927715297
-0.6758536733957863
-6.918845502692305
3.0301479385767207
1.4704635007953333
0.653673406920722
-1.761454381885399
2.0110832190838943
5.557529716185334
5.167539880947256
-1.263722188480065
-0.9586714215293077
-1.0317063638192105
-1.81191835069613
-1.8038440775539235
-0.6149727506687523
-2.3624188283310055
-2.034747990886964
1.9945647641072721
-1.7797798876386606
-1.3575222790026222
-0.07299347289221159
-1.236203151595394
-1.0596053629331224
-2.1993869706576805
-7.773058966562611
-0.17074415475011762
-2.8730810219853726
-1.0552888094249018
-2.176064720643029
