9.891289162348926
3.2812480165563405
-10.183193837504312
3.5172280004913805
0.7163778388058928
6.814228526867944
-1.6018015007186897
-8.536868067669532
0.8496288751750947
-0.6406587669617707
-0.27796561456060065
1.387990276805543
6.233073811641718
-9.628333486951849
7.23293006942215
10.199423106585076
-0.03404304560230198
6.03297089818198
2.6571871267705034
13.377171357326478
4.311947242872135
-1.024418048289042
6.6221699504396065
2.4317219050087138
1.1650976465815537
-3.7127983741718245
0.40412064435586714
-1.735642279097287
7.519316599601911
8.641840175653059
7.933897812936009
-3.104403115268563
1.406652457702006
-10.429924202402223
2.535294668662581
-3.392598085115954
8.924996828287416
5.992946356718685
0.42253819367149736
7.455624297479922
4.579407658769341
9.82936001977497
-4.602591237516007
3.0432312081901807
7.561861592453734
-2.698551618916765
3.7664394616281744
-3.072050512605962
-9.555778096956473
4.5811608106828725
8.922458240944797
5.403296658140545
1.7180247971412288
13.743411429111182
7.919282087922249
-2.55389866596751
-1.2692035944291753
2.946609073533702
6.3357895628497225
-3.0302846440624176
10.036461191565056
4.160035274515396
1.5712728151346886
0.951800262724098
-1.4871370097020717
6.316867071799581
-2.0640584834742803
-6.984204413445299
-4.302608481157
2.7341076471692323
7.28798140058748
8.044077063159145
-0.47848250813546445
4.875513483748556
-2.4825553800039843
0.7154227390746011
-0.9294655557658311
3.69980917704398
9.295082443755632
7.422860631033492
-1.464190151244087
-0.4080845285220236
-3.9865375626914705
-0.16112225806465386
0.16716341216497943
8.795803367006613
6.48291002953065
-5.884677457013391
5.84511515995805
-0.6623100228968828
5.9569369241122345
-4.9492400506420235
3.7981896284799257
-2.0799098038672144
0.044395795748785716
0.5889837642242546
3.3026356529567975
4.63998636322779
12.914189600357513
1.9239895233438153
-5.7543006270634045
2.4544125622497535
6.042679845267839
-7.1665397396688615
6.226482929124817
14.456945892075575
2.9251890208420854
7.748457844505765
8.251479312650922
8.769918550650733
-0.16462514488588376
0.0509852072899013
7.629675986607134
2.29371223312411
-1.7418146021873682
2.3693416672403047
10.788293337658851
3.556984275412608
6.521108098395633
6.894126440202952
-2.5620960471642364
5.705444364867661
0.5138487464565182
4.611414880630257
0.9462475210754893
-2.6901956339621176
-1.7425390944367916
-6.913645368432652
16.938496409790332
6.346919204034213
11.019881716627193
-12.285489043519014
17.911406847235153
1.907361226729925
1.1943944965658728
4.172627889111549
9.237016657030704
0.8950953733953342
0.9218275669099014
0.6529282201729596
4.473425987269236
6.946805716704497
3.71408297136307
-0.884171251054831
8.678951090873579
3.646898256646766
0.5704480008117985
3.0023830319910303
-8.08788616768537
-4.548363862234035
-2.4019919881361504
1.9939886032047278
4.860194440873152
8.845334226026866
5.6665457103120165
-6.133972748483732
5.873531868541125
3.6109502995170373
10.307195457008465
5.500880297075795
11.428861677374108
3.1040899914707905
0.3542926248572491
1.945021999935054
-1.9577901778988025
2.8435427354236964
-3.486873973972129
1.617715769306293
1.8773204427671837
-6.072681499707091
10.472628287987668
4.474772269413052
6.151020915881244
4.231217162910287
5.339904633616605
4.593908533631386
1.6367686127174854
-0.557627871831242
8.19537238361102
-5.571592669206526
1.9291635531566718
4.018665382551108
0.16416549760867571
1.3307866160576909
6.455097666190317
10.499198996366573
-0.6889026252034784
3.175660750633642
1.1571201525395285
-13.96822117392705
1.4715991284696908
-1.1764346823139178
-2.3542317992686215
8.554580623431486
2.783563758126595
-1.5775367789713899
-2.7581481751846892
-0.6720578334386618
0.7864604781456184
2.0496048028467486
1.8487517830497728
0.6654058095439401
2.6860011044783043
8.97188826017964
1.2265954896664044
-7.804710671361782
4.407589400038756
-7.30094306594766
6.504088405857965
2.6699891729608716
-3.2171178020690236
12.519911542720196
0.08694855427184356
-10.092622701091617
7.575794768152941
1.20265669687754
15.856626603664692
2.1901614713461774
0.4682136703688218
-4.043196987495415
-3.284711884800707
-4.722154164733688
7.284294297621761
3.726265096273858
1.9778725302655045
11.320198031287438
-9.03354895472787
7.809623471224728
1.3882786307168575
2.616394439508791
6.8661091651114905
-1.5983776368351803
-15.043152039822676
-2.0193982440045124
5.405473192419865
2.4007738282364453
11.74019956410877
8.748148673145867
3.214543900568398
-4.979830816992736
-0.2524762995151826
6.451159785230742
4.643515705126635
3.387481411052784
4.9557953922977
-1.2924375999131756
0.8660453146768852
3.28702375171818
8.651290600943197
3.551098716879098
3.1853185142577627
6.3454782294532075
7.307902529148564
-5.255989452294612
0.04838624048174833
0.6765917397526031
6.554494345096893
0.33207708904431454
0.08946097433606592
1.3643221384247015
5.309697916804438
3.4813517808706824
-2.4661330376912094
1.708106505138846
-1.2076706948103153
4.639353239694062
-2.6431221530879467
1.2139592315257295
7.519595514975307
3.8022964204665475
5.347492631904588
-11.749303268272927
1.7284052816243913
7.537302360447395
-1.737143250449027
4.806816052378022
8.793354155960005
6.517607482843614
5.792895867267949
1.6665191349359516
-0.12142695712694218
3.9386339406890825
3.8771718127198525
-1.5826091181862152
3.2094941104260215
2.161268659860393
-1.146027416564956
0.38213373648450366
-1.8383461772816547
-4.781626399650308
-1.2253492679291322
0.2202268322349119
8.66191135520986
-3.3011493407298325
-0.3506134291859384
1.2362876120946573
3.0501442437335187
1.4666240546442357
2.8411397469516824
7.507982060619448
5.223224189103783
25.764342747332634
2.5785590935694183
0.1503933663152801
9.015819135528641
7.5015847329038134
1.8398164684860334
0.47408554232803235
-1.0047057433307653
2.664671539661696
9.0638697202309
9.386379513498115
-2.5312987770680033
0.2717166092990333
0.22710841106597246
-0.2544960117952204
2.6350414651355725
-0.28981052173016275
-6.089348469824483
6.198543581882005
7.887617689129826
1.9483517336511338
3.224580000076554
0.5094687599811323
7.323443426962865
-3.2886256319026392
-1.8919918013600139
4.397258666502457
1.5721631356177044
0.7410359403010252
6.575347749950345
1.2550138381875011
0.056242640241481956
-5.315945971222691
2.082352211933895
-8.507773483594391
0.44946460160505963
0.10379598855870054
0.9054490370279844
-6.750289540547886
-0.11058961542276036
4.102427781268911
7.469141273126237
-1.8683181681700844
1.8076934224679562
7.633530132009984
3.9436149828811926
0.5732674375184184
-11.756405137554117
6.103335698827786
-0.0040586011193060045
-0.5536603371900162
-4.294295936794024
-0.6589790069394423
0.2767144545520539
4.093799077302512
4.355512570669673
-9.98609700008493
-14.957613118913649
-2.4458991217667663
1.7797994375006154
7.132685382602314
10.109194959041607
-2.992105033192857
2.184908007857067
0.4930364063460859
-0.8771397996234755
0.011071747205999571
5.07744473625086
-1.6380910726669144
-8.334528308383074
3.0483748834623254
5.025539634221044
5.154550436459227
6.184583729453184
17.06321180903152
0.7187109867347039
4.311560264148239
3.484011361339939
-4.413145443483594
0.6891005316954306
3.5638341801272446
6.097611671076385
6.997259024891213
0.16383170928403512
2.9879626217285544
3.6443721207989146
5.336744464458265
3.2110735502412364
2.3764573114726373
9.38514777471169
-1.3287441120881067
0.22373112754006996
1.9893251712492894
-6.882607678257768
0.7523607997445805
-1.3817448535068766
5.361204740964589
3.6114079691305405
10.962978820699673
21.6844650878463
6.0641776555978
2.1578571493456375
-2.219275882569466
-1.484768436053665
5.003200978908289
-7.6681762756201355
-1.0353155503247353
-2.2790505583710736
4.37969879860041
1.3345946288792356
2.5611738095618177
-1.3646171201963755
7.470139630703187
-0.9616940906457279
5.868233861840353
-2.8588748363296856
6.941454629571714
3.813622309557427
2.433460309329426
9.347668682794128
6.793700445085285
-0.06264663274545423
2.948986966320496
9.791208144646381
1.0373001726894269
0.959872595407339
8.596720048661433
3.721568775840045
1.406883911589749
1.598042933570287
8.904828307125538
-0.7583915272371069
4.616632905900222
-3.3338130395210346
1.6767466631862527
5.101013885026417
12.63944040969033
-20.807062917179273
1.0711142880288664
-0.7476468137240118
-3.5233035612497465
1.3564526847955065
-3.413634720643307
-1.445222097298366
9.509035215572677
4.880313744228755
7.439360976217022
-1.5108454240357232
8.986464647232044
5.292385445816697
-0.5908740860655901
-4.534340874101032
1.27358097700946
5.048126424790157
-1.267629572519425
-2.6938916695712782
-6.626789187409894
0.9565168638090691
5.960977738897933
9.93742931251599
-5.275821309872277
6.267941677812117
3.596739527084898
7.077758715034051
18.762916306137686
-0.013606443313398664
0.546318460306344
-1.3743864550093532
-2.7311405357635605
-1.431505429856645
-1.6955536572719523
-2.131166928456965
3.97257616320494
-5.716925921609189
4.52855474528265
-2.682543446550943
3.460356197230481
-1.5121829537523936
-2.66162690725453
0.5027498414400164
-9.191657932763317
1.0138810751319696
4.364522629952934
4.839464240421853
-1.2807925301063707
5.083445218957362
4.8060219077808455
-2.633948885167947
-1.880810778063775
2.665683252932309
2.7457445969023597
1.8243533563058358
3.660093625310787
6.08823208852616
8.902602202882091
-6.7644260091287105
-5.358661501831438
3.6256042540457623
-1.1086374151458775
8.608862671449385
0.9325588235092401
1.2811892744555822
6.394781058166294
3.16641959755559
-1.1573108554368514
8.18767337728338
0.8397400668654837
11.937850687792183
-3.90083121702716
-9.360834084214972
-1.9773309816630853
2.295873883089496
5.687700637935469
-1.2386048382647976
5.090512080700112
1.7439874474673378
2.430088762407729
-5.220111361223415
6.2115846691641705
-3.0404026627892735
-4.643694842775572
1.6399289354864859
-4.9410573045151125
5.760324842559612
1.7110862115833703
4.691563028660795
9.120394096891836
0.8298468625059561
5.14119742771965
4.3961710881669065
6.778738656375557
12.272406288709558
-3.1507876672384167
0.789995063723697
4.473394039718402
-1.3020752845551025
-0.30328756470193285
3.0883850454418105
6.49187175975767
3.9989889482781926
14.811216369529127
0.9628381741939547
6.593532380720025
5.121831077664619
-3.5552387904966363
13.75074373256643
7.167075626813825
-2.090126702846824
10.24297707398014
3.7120964192848147
4.626338390370838
1.5118289482668152
-0.9781472773603812
9.132448240827282
3.478985155140866
1.0284156708833234
0.058166884789879525
10.57289072814307
-2.3218530620963573
2.3170480474866193
-3.437081743305262
-0.5608142102844824
-2.5606762261650875
6.943077552050125
-1.7085102366592935
-6.7887898370249875
5.495120809594919
-5.8724358321370715
3.069647175293565
20.347705103175336
7.74684083751736
1.1775501035541935
-3.5313710112614967
7.795677513264753
-1.4100173718458713
-2.0243037658695053
1.4948292459881207
1.3957717546734327
6.162815782677544
7.147649730847505
1.8013738389368392
0.7396327842618171
-15.851252931855683
2.609607511039287
4.170862232046396
5.663606996367237
5.733482973444852
-3.340436675052117
0.1712744640894086
-9.02933820161695
3.961839867157946
-2.795339807714665
6.464172341684761
0.4324031919047475
5.674451463159818
-8.923871422903717
6.941102235358048
1.333554907967664
-0.8905789245903994
-5.317290928254616
-2.1147401682449276
-6.486383219870765
7.907032596823263
2.899242676599103
7.855231809541371
14.402791353531052
-5.386060433064843
-1.4403178099880272
1.5710882448255648
3.6893528079683406
5.225862288633852
1.8504938987801267
2.751576762082445
1.6583876714177908
3.7672165689260533
-9.180277317741494
3.5314076771589527
-6.935347232819165
2.646494146536321
6.348940059041782
16.057341819491807
3.15104101478658
3.317687399543397
-2.100413196427592
4.228899940283512
10.742144694371598
1.425749317507052
-2.7780244529042024
2.912174780653433
5.47720867615431
7.828269955471649
1.310590356622502
4.047894600471764
6.821642942647291
2.231827459659351
2.1086834219421116
7.9793781711825185
1.4793268630508476
-0.3930642954850656
-0.8795879226091117
-1.2440558558420514
3.767071592659585
-1.922112649384859
-0.18338969554648932
10.639758377721083
-4.417050005660942
11.010748145298802
3.1642004071423386
6.49441628474352
7.8468431798687766
-0.19475565953112728
0.7849806754486623
-3.866105784884353
1.1347369670580856
4.699616139885337
3.5996487952979894
-11.217430242320358
-2.3385063464645226
1.195927420919233
-8.076678350681645
0.7077172310896693
-0.48722133344546137
2.8503094734776573
1.2223646767554093
7.298273283464086
2.286327412615617
7.362789731186883
5.828780090090186
-2.1276341707470285
-3.814122359835194
-0.610119011927067
7.872926323749997
-0.5643432869615901
4.44685980159022
-4.412409756217256
4.388450565369528
5.842269498759628
4.044796499516463
3.6165357578803947
-4.261914335635543
-0.2899392612428895
2.1185695232734787
6.907245008344664
-9.222812984536871
16.01986572625883
1.0690675094754414
-11.669924235143732
2.888574015258679
1.761839158025444
0.6140104590510296
-0.4420806999639906
2.107877960523802
3.5584721077495525
2.0171978404469835
5.312974524033804
1.5646373879448632
-8.848358965746138
1.368622493685434
-0.2057436573302942
-6.070868262841163
-1.0267863583287404
10.93796703487495
5.527313615601086
4.919015153260698
1.37971298018387
-3.489617987044964
4.565701028726538
-8.417186622667508
3.092079794587006
3.712743641238006
5.372676267297978
2.4187257230933623
2.835657424918107
-0.07195782775083437
-1.9376011834499494
9.035802333502478
-2.0578290726729414
3.2309846522095986
9.554936764010716
-0.8037640774234234
-4.031899127750927
10.794618064698522
-7.61050366473998
3.339508571182846
14.117764029234134
8.855860269188103
-2.561393285448104
-6.376350753940693
6.366519096750379
-6.924989487882751
5.000862608113505
-3.1999615521947096
7.931658584510127
-9.834992696057897
6.626660797065553
3.683866253043816
9.627533138185854
1.4412309403653383
3.919493041122803
9.567301439946817
-1.0656380926313336
3.807252089909574
5.669403882657041
11.701834652629023
0.6387719253358024
7.30362024103364
10.663399291845765
1.1132239541077706
5.414195555662848
-4.265043195446085
-1.2966234977166016
-3.7106479617510315
-0.03042673656011452
0.9983003074074868
12.450632501570869
1.7082822360259682
2.5287522042669037
-2.136324013785786
16.888090672084097
7.776105992178426
-1.923699820016144
8.465407793873338
-1.1003550032792009
11.740117705091354
-1.938477643255852
2.455460771322845
11.199765004258389
2.5523410322613356
-0.08675653501429315
-1.4606448191095636
16.856878239102713
-5.406430530699664
-5.450358874501252
1.1178341318494784
2.1232365506208533
3.3403498086993038
12.243059701481261
4.579570421636943
9.111750907611558
-6.909053153773275
-11.596369555500598
-1.7499388731749628
-3.1351985142557437
3.413654048582228
9.44915347284699
1.4382428049287674
6.476405861712165
0.42062059906669447
5.604657988730807
-2.4324418926432685
4.610048691700422
4.386478697450213
3.3677846536564005
4.325712139033823
1.7300049081337816
2.5610805405642987
6.545732100475725
7.0486830120073645
-10.405100711456736
2.1762823484199285
3.7169081182805264
-1.7508010838104129
-3.9833853431694335
-0.3391770469372224
4.1601394180556674
7.1475074130914376
-2.8011591269629204
6.568544573964458
7.854514095057976
3.674613956968792
0.28799763298194714
0.6264081416840701
4.608751762376487
-0.04304336654612628
-2.583196785709231
0.3247308662034052
-7.765860563671255
7.100653799829036
4.102904924998805
4.349424545402481
1.8830776519833523
5.977837808729046
-2.118321372963168
0.9309817617157392
5.513489461914897
-1.5673105902370938
-0.38654459755826664
-5.612940706744332
3.5787802115049403
0.7229813552663935
-1.5241596204453538
4.978322418915269
-2.2495255909874228
-1.2544906231792101
6.4176611968918245
3.0518064953010082
-5.6717035160809735
8.563813606109065
-0.2504573569927828
-6.092786722760014
-6.634967504254183
2.4357383621605337
8.900447356880914
-2.629637803957559
11.07083138020212
12.718351837084327
-1.3754697141882075
-3.880418262998785
-1.8729995211322361
2.0851807950173464
16.478981909781403
10.018241696966506
9.180381074086785
-5.85348500673751
5.264221345962425
-5.690775832676812
6.096339983346906
1.8413630485129726
-5.651348940083089
6.938507657013354
10.25951292912077
5.770165577437911
-1.7500533241452976
2.0272512130448215
4.895724995388106
-0.4673356341439545
-1.6711759110507503
12.68317536614589
4.131455011202034
4.512387218130947
9.288323683634053
9.71980449033344
6.516794205804445
0.9093324373453597
2.6632460204200377
-0.9392557377098285
-1.3470620140859828
5.799229577292171
3.818624742292588
5.596447758515472
0.39970201639819547
1.7119387862485438
3.5729308679002356
5.427179443914141
3.5968739174342477
-2.1963203671756357
13.673115124324475
6.6166227360001235
-1.853317874896442
2.1690139389039684
1.353317481496712
-1.0935473928982757
1.1671748065510987
4.587057747121168
11.328130453002268
-0.9973427099772074
-0.1952785410470872
1.774237399126211
8.260438716872248
4.170328928945775
-1.4774111496498668
1.8212775344997687
-0.7169092450071215
-3.527688829982792
7.534271080660696
0.6508317448429666
4.146623506070937
4.010063833128241
1.379375280752408
2.3701986947122564
-6.629413831504824
-0.5773748818594182
5.891703818132219
9.144100157383825
6.020996009982288
9.293117072494057
3.083661158061189
1.8068924491332545
8.969031026384728
10.677020917077463
8.716881763210448
2.1157850437824046
1.907829249082882
8.352925033810997
-3.1288766969066497
-14.410404942850608
6.087961226469524
3.1129060478192514
1.6486998560467492
-13.314692980096765
4.59588109711594
-10.194137373506596
9.426116864055684
3.5569899017380706
-3.768949836201017
2.345628187822939
-1.2017613940456942
5.0001227354549975
-13.488176591392826
1.4000231592645052
6.118652419218377
-3.915281337620401
2.093154674538476
6.866631699436332
-3.8714958263478856
-4.171509548000634
-5.492379655627305
-0.42588705416118433
-3.7753939034343356
0.20097503300207809
9.671559858400133
7.18709504787449
-4.204731048366815
6.026017876554957
3.791046766596202
0.7651496725122924
2.400990846080366
3.746234020572004
1.650172890896149
-3.0529070489321697
-11.593940065913106
-1.6192457804666303
10.71260425330964
1.4593181839364198
-1.4295670798620517
3.399413530108486
2.1578038818307
-5.626217069383697
1.2525993202507424
6.485546478578219
4.252000840700934
7.7648719475394055
8.912164422369093
2.928409546483662
1.1461275084510778
3.5975542236791367
1.044782453046617
1.7947555849806411
1.3306507394531777
10.245259659587518
10.954816821112386
0.31596285764704746
6.057715817083926
-6.306027020199657
1.6668007850561697
6.309903071365218
4.742446000282449
2.925372258434048
0.44522881304037165
4.544323977889554
-5.022640794996123
5.7126934096400275
-2.796990013397167
3.592763984806264
-0.8961756451255392
2.785329298486284
-4.855949535324202
-6.036846223205359
8.426770797433495
