4.013705814376624
0.47234017254809146
-6.77000266578555
0.5690165067120506
-0.4732981737219929
2.1894025252462503
-1.5411936363313097
-5.697069011018138
-0.4199938365097202
-1.0679682696613415
-0.9001289976140812
-0.21438957987241272
1.8722472219749668
-6.406966604811982
2.424462845293155
4.205965016904671
-0.7908040815578558
1.7657125123708575
0.2310355448297047
6.243069232144246
0.9155891598853316
-1.2521427053686531
2.083366097630092
0.1490801682422313
-0.2976014503504083
-2.6999033446297545
-0.6018863450165544
-1.6101276003843759
2.588112535082747
3.249000745820974
2.828797845760939
-2.351759970170583
-0.2075460965585309
-6.931813071304707
0.18638047482120115
-2.5154269711573907
3.4199483337848084
1.744576806680306
-0.5941605006537461
2.5515251447759346
1.0391905993629802
3.9752212459467984
-3.2254275189357884
0.37782405619050763
2.6126115770755254
-2.1253968647095403
0.6742644866729276
-2.333534216588557
-6.359590485120657
1.040011869743955
3.4184090529607327
1.4402633930008206
-0.09619953329914709
6.4821559820206245
2.820240789235752
-2.045957603184574
-1.3729925249179853
0.3403245777317612
1.9274814035115582
-2.310050769677375
4.104127691541638
0.8469095501287222
-0.14801047272111872
-0.37976599320481935
-1.4826987113297276
1.917278636787745
-1.7821692073539328
-4.700850618372782
-3.046294028140461
0.25963518253409673
2.455746337129679
2.8934662066753436
-0.9921534994506332
1.1798984200082987
-2.0070290600705016
-0.4736836544731767
-1.2059615513242274
0.6458116431503679
3.6455699919684204
2.532746466396743
-1.4710559383520188
-0.9596272692769128
-2.8596586607185075
-0.8473969894212158
-0.7028430200319697
3.341762808257973
2.007222158333654
-4.009594544177004
1.667025454994206
-1.0781821008184402
1.725611633139919
-3.434654214221823
0.6879023713119272
-1.7905738414083845
-0.7562717770747396
-0.5251410059921767
0.48098117852496153
1.0676514130732144
5.941758553999677
-0.025497309941739606
-3.928650162237545
0.15720123402636427
1.7708483209516095
-4.816778222636202
1.8687155886562319
6.9495473471990605
0.3320797842259751
2.720610613074498
3.015952060825116
3.32613543743751
-0.8489681927574227
-0.7533848069247989
2.651758865794325
0.10029942338315644
-1.613323418515045
0.12690075583792737
4.576665986448594
0.5855911935614321
2.0280445291174947
2.2338537058912116
-2.050441243516443
1.5945133635349722
-0.5561177626902075
1.0542069457886012
-0.3819378424946162
-2.1207897102077067
-1.6136986321459874
-4.656078642487882
8.586411178397663
1.933488103951252
4.723508194808256
-8.154392216365064
9.231230859107658
-0.031117968905682452
-0.2865090440513569
0.8525600371634559
3.6100147677062884
-0.4020230992441841
-0.3915089529088958
-0.4990116999933606
0.9898094175849388
2.263268229859076
0.6518877898432899
-1.1840721059894412
3.2713178250820563
0.623379565938048
-0.5327554323347389
0.36190913065522035
-5.4070780307311095
-3.1929087328132133
-1.9632732465082328
-0.0020048027341291693
1.1725216843909723
3.371701226481229
1.5744524414383496
-4.165022551585368
1.681869279860725
0.6082214200375254
4.2735004128996374
1.4896819512231196
4.984113229872737
0.4017021244807092
-0.6228763394134813
-0.018409959415977107
-1.7260604648008118
0.3008818155972255
-2.56946277291389
-0.1314848120017328
-0.041311219778130404
-4.1267322267258395
4.377446025254001
0.9904334041416621
1.8283894072456495
0.8789515969436188
1.4083686034572158
1.0459878752917073
-0.12473981047323134
-1.0289996890525328
2.9827219345000193
-3.8156326163836383
-0.023751529104424338
0.7840099976806318
-0.7041386595328175
-0.23548560223737763
1.9920917118705932
4.394171466597763
-1.0907564197136697
0.4300375610527515
-0.30063000274041224
-9.268921418509178
-0.18387938258029218
-1.326892252799491
-1.937437041548244
3.1966337641551927
0.27819444342065747
-1.5287715327456128
-2.158320080344249
-1.0827875928729933
-0.4451449991370428
0.016603284516549723
-0.05105145011669603
-0.49393820869252447
0.24171080671893622
3.448402207407428
-0.274371098144283
-5.224912594429546
0.9593993342374961
-4.9024351874753505
2.0187608559500325
0.23577293876647368
-2.415493077858015
5.686092986893046
-0.7376668123447422
-6.71066001177755
2.6206450953010116
-0.28338926426839417
7.87108780979138
0.06439147191789307
-0.575076431627214
-2.892948536875668
-2.4538860384134438
-3.2973323736753732
2.4536484598287336
0.6570818036408757
-0.007389423906136965
4.914720340438127
-6.0193311113714785
2.7562026095053747
-0.21428369386012946
0.21600024831176387
2.218244020227636
-1.5394394080533462
-9.98261534474633
-1.7585386527812876
1.4413614149416671
0.1380496195510028
5.183499022044615
3.313002253681962
0.445546624536939
-3.45322572055852
-0.8885690328114867
1.9899515190657648
1.0693147758021773
0.5154990229062026
1.2187276932188404
-1.3845949688491461
-0.4134924129239514
0.47467128543739484
3.254681300132483
0.5831322730963381
0.43388215010233216
1.9327101665898494
2.4670875279421
-3.6216261388609605
-0.7545232134131298
-0.4893969171151694
2.046283341754222
-0.6322759154148304
-0.7365711711384703
-0.22309630513907003
1.3932288861186204
0.5541301869392057
-1.9980920717239823
-0.09966361566042654
-1.3423740104432742
1.0673530855123066
-2.094876909330332
-0.2791274997806337
2.588272990869126
0.6896701394686103
1.412177674332651
-7.800250300341797
-0.0925798648643654
2.5984636501918303
-1.610904616943225
1.1468998115880358
3.340283607889284
2.026134278493768
1.6398277338235838
-0.11424785161330374
-0.8296338582526221
0.7488411329829608
0.722050194960092
-1.5313663420702217
0.44352788731031295
0.05447856578128203
-1.3118610748429729
-0.6111324816361494
-1.663494086030768
-3.3332022088170827
-1.3511544772651776
-0.6799855589315975
3.2610674250589176
-2.4632416745336343
-0.9332480792057485
-0.270728808103386
0.38052636088475594
-0.18568409261952656
0.2999691004344326
2.581593678229882
1.3500983109562767
14.457326425425387
0.20213673069938137
-0.7100965512818586
3.475095617379533
2.577915864310844
-0.05410716929155084
-0.5726309275884548
-1.2425229469066916
0.23380405780671995
3.5043316456730866
3.701585786086259
-2.033607780500075
-0.6579430647122568
-0.6770317591300238
-0.8894838707124175
0.22286179321287924
-0.9055115997892741
-4.1371396620128635
1.8537616193539463
2.8017197329552106
-0.01729018629612295
0.4495627589749728
-0.5579326702643764
2.4759426546240557
-2.456112928787922
-1.6915283313037592
0.9546461826370636
-0.1476925513396932
-0.46336287330335585
2.0576940428596022
-0.2637060581753647
-0.7510829662985998
-3.6583589191779415
0.027639117141464227
-5.678237083273377
-0.582897019381883
-0.7303258894074709
-0.3979463005470004
-4.55262285427749
-0.8247977324562885
0.8211593576764045
2.5592808369493736
-1.6791435595237814
-0.0651292894484586
2.653987305155567
0.7510206492647225
-0.5315960534642915
-7.804937023483597
1.8030112487342316
-0.7775673871472125
-1.027145629307411
-3.041357191425528
-1.0766093145529534
-0.6558107295691036
0.8173164302975601
0.9354906377168285
-6.640903916197667
-9.92578597325691
-1.9870932195488535
-0.07474678213439793
2.3677175797179384
4.149537264006654
-2.2886287423415945
0.06258560152454104
-0.5647505757563743
-1.1806821704480648
-0.7709050485837833
1.2781039415821345
-1.5598151430766165
-5.566213657068124
0.3798344729269772
1.252690557080902
1.3160702725485804
1.8463001975164082
8.668998428261155
-0.47235671276475855
0.9154127885691636
0.5552314336469468
-3.1120826763198437
-0.4843264123282407
0.5884552741218873
1.7999703909899227
2.2915180489940896
-0.70428294443173
0.356312292349637
0.6223121927618623
1.4067829442072612
0.4441591483184621
0.1294198599533786
3.700829146303635
-1.402770503032405
-0.6784810986760551
-0.0035614415810352133
-4.636400414904774
-0.45881066628447126
-1.4294013735780533
1.4190669948697172
0.608413985493676
4.687376969083932
11.739507927072106
1.7822323604709656
0.053311161041849776
-1.8648555364064208
-1.4814959605702165
1.2417893064446144
-5.137302339904068
-1.2574680342557083
-1.8969254437497938
0.9465785675013655
-0.23407567036930046
0.1957928804805413
-1.420782667827793
2.559853861766988
-1.22159188968707
1.6790994926105223
-2.214217346360622
2.260276521156489
0.6945498083583043
0.14970134289925383
3.677817980792155
2.1780135068763626
-0.8034727812375044
0.3412413864925865
3.9515395757820957
-0.3465344275672357
-0.3766116177353288
3.221903869398784
0.6550785634316207
-0.207461341921838
-0.1384703769380637
3.4077223408304653
-1.1237666448161445
1.056659503612427
-2.481854910860707
-0.1106522847485919
1.2896821421751987
5.763502458144922
-13.819412550348002
-0.33350090120558507
-1.11864809473209
-2.5904063679208855
-0.2259980352726237
-2.5274637856680866
-1.4614480225050042
3.7770522898467194
1.1822120896556398
2.542200135765036
-1.4947501856463945
3.4572553150500074
1.384568899246601
-1.044564673068941
-3.1845091486662866
-0.25676191011878985
1.2637349772990214
-1.3722073164088775
-2.1228272820430094
-4.474599107736649
-0.37792248958629127
1.7277374354053854
4.042413429558385
-3.633769676126364
1.8909559560795397
0.6022476018274412
2.336747702523715
9.796456909821128
-0.7817774507734552
-0.5426947918339302
-1.4256971362432849
-2.1433862359642784
-1.4545092025547854
-1.5894069199936307
-1.8178131963311326
0.7637175789371388
-3.9054911227451554
1.0154306114872178
-2.1165725500409116
0.5454495856446105
-1.4954307530765625
-2.105054867968843
-0.5607186950582762
-6.122204097407704
-0.35559752875165257
0.9396179439445499
1.1625559368191503
-1.3787769123615479
1.2810493702645613
1.146519583458176
-2.089835519374639
-1.685676399439179
0.23417853029833124
0.2639901154855808
-0.05940575172658537
0.6289603787428629
1.794990090188912
3.406373352006999
-4.561564486156794
-3.684564922664976
0.6143924812899331
-1.2934322727009318
3.2291921386184024
-0.38729901037401476
-0.2539218420976927
1.9593674787256936
0.4263634871612518
-1.317434203535291
2.9781675170089383
-0.4239170814194195
5.3104857922387785
-2.8094456396285064
-6.2324184576950215
-1.7363467507458412
0.10105534710120294
1.585355215070132
-1.357746803645942
1.284520238573749
-0.08715758830801239
0.1484967583500209
-3.599673793822187
1.8607381797634213
-2.315735064861021
-3.250115428462902
-0.12362294996946079
-3.4296893833592828
1.6229161831007644
-0.09862234448368172
1.092016173937865
3.538775456660801
-0.42784730839043283
1.3094771024204543
0.954146084977004
2.1697209324244673
5.526092577909849
-2.3779434744646486
-0.4437320365518588
0.9897946112928684
-1.389414380903114
-0.911644104709016
0.39552118158892086
2.0121029958403964
0.7753337988022179
7.182275251815712
-0.3754536592707826
2.0676560060420193
1.2999283333792284
-2.608794806112806
6.4869486814072514
2.3871525005860668
-1.7959958228891186
4.233240498650986
0.65104151762006
1.0612245861406322
-0.16933614259072877
-1.2295890443074033
3.5461279845120983
0.5531505544324715
-0.3499692015597371
-0.7502408282851755
4.440601019310964
-1.919965824976017
0.10847359140346216
-2.5408938424180687
-1.03048922052936
-2.049664500614864
2.261183780615236
-1.596097003860733
-4.576980199804994
1.4867545141080958
-4.001984106322331
0.38816393212324535
10.849919143930679
2.719670939436665
-0.29288096832668414
-2.595049119146639
2.748079411137536
-1.4436544952709238
-1.76113070233816
-0.1754707110955412
-0.2115337579861113
1.8346791782657372
2.376170194492284
-0.06730441890995871
-0.46392736913228405
-10.519743658671617
0.21350760670880495
0.8517672941648934
1.572939275705768
1.6090099325112606
-2.48563293748354
-0.7010670450942234
-6.016593198196558
0.7590057632108644
-2.178922547589107
1.997025667951141
-0.5900295404700164
1.5785248464541697
-5.94804793786097
2.2600795333200545
-0.23446055219395068
-1.187163226325488
-3.6591835965496657
-1.8090733193805146
-4.386103298763111
2.813073007235079
0.32212611755553655
2.7828015672345714
6.91400835262065
-3.7013897771291067
-1.458966222846921
-0.1480763857606448
0.6413671540827012
1.3514094775988519
-0.05045619378583043
0.26617549235572946
-0.11711066475435176
0.6745976701361479
-6.114795024594496
0.5749186771167322
-4.669843758838228
0.2270855056370865
1.934579220421724
8.003633321912906
0.42025944052783726
0.48707690773850626
-1.8014585384147117
0.8779046315870379
4.547472038626855
-0.20056305047968673
-2.1693252595041153
0.3270826275307983
1.4776586639426046
2.7670711906271768
-0.24297664520097517
0.7969339551668141
2.193519267365736
0.07876833666656839
0.03655590287822398
2.8554575329821015
-0.18107884954899064
-0.952717808351148
-1.1818621862836582
-1.3604598764101652
0.6745355094656333
-1.7073162729753384
-0.8573951552969131
4.482784706277103
-3.114411296276914
4.717706524697242
0.42548186746073613
2.01348930967294
2.7779054914067207
-0.8625078492244342
-0.4457367532107108
-2.7891507643910884
-0.30914599454731456
1.0958314549370785
0.6034697270955042
-7.449590438959753
-1.9289472680926771
-0.28592993535771816
-5.399856793656016
-0.47679538867536586
-0.9962074455048036
0.30345368191409805
-0.2759626429549733
2.4616041804973467
0.0977189233463579
2.498391674525478
1.6585064284089694
-1.8159327730957946
-2.7588241245516953
-1.0535980612397629
2.79313466040281
-1.032139524907735
0.9775137689434399
-3.1116439596943337
0.95059759924211
1.6655406663726715
0.7955620941343474
0.6105722541863621
-3.022139975592191
-0.9055701391867563
0.039913669338598946
2.2411708664972574
-6.142490197061053
7.978879063261157
-0.33428806203306055
-7.747873546584622
0.3180439602860963
-0.08096210561221508
-0.5148888016323114
-0.9753053894666639
0.036282570935904424
0.5862130783898946
0.005740829185412695
1.39486930304285
-0.15038127387144293
-5.899008359795382
-0.22151205814364225
-0.8674565102795375
-4.1256001997547775
-1.2532995982404938
4.671505780623879
1.503134597765465
1.2009031066184264
-0.21743102262396713
-2.571039102428277
1.0327746009236514
-5.619637724085425
0.39697411912753994
0.6513172122919755
1.424836541968731
0.14444160481201732
0.2978879549062736
-0.8076055043833874
-1.7154478056888716
3.4872492794320995
-1.778868760183242
0.45212850789704023
3.8053547353235446
-1.1454387128739951
-2.886304605381708
4.5806688345615845
-5.100340953432423
0.4959354540473426
6.727129638605187
3.37806951032412
-2.05005677471524
-4.316912275690898
1.9440765241964841
-4.663273417442598
1.2406494415453635
-2.405768903203206
2.8274865173040853
-6.542033587103502
2.0858321070472483
0.6390373355331144
3.8501827572368117
-0.19491670299818467
0.7404773770610099
3.8129842161661314
-1.2723130092716046
0.6918044481940606
1.5759244592893198
5.158886034182398
-0.5047777290274478
2.464648673872906
4.497710675617407
-0.3173566111048761
1.4457636319223985
-3.0239958364883077
-1.3866876898669107
-2.698655627801907
-0.7892052854108025
-0.36164365982644153
5.641267268993948
-0.0996021920941532
0.18400678389866096
-1.820559020901535
8.55303881099063
2.736687512122441
-1.7081491325156266
3.1432774930654475
-1.2893581455183598
5.183446492837272
-1.715908216591514
0.1575770791053343
4.837937334378869
0.19257619653709496
-0.8141826452198322
-1.4692590077151118
8.532375794701021
-3.713906269604423
-3.7409207655387218
-0.31559498035263417
0.04150068853176961
0.496277468018566
5.5071483684333735
1.0392668402103002
3.5335050187149637
-4.653166501362148
-7.699352724048013
-1.6175321257276456
-2.3691366725055634
0.5262235080424836
3.7401790743835
-0.1960054866547784
2.0036814586377583
-0.5949640781651503
1.5426575221520633
-1.9797856684045174
1.0535650223823056
0.9496917494659689
0.5074518878130313
0.9218673947251976
-0.0920226073150513
0.19575889171908695
2.041493007189291
2.320389200269721
-6.915523666981503
0.05962386604639866
0.6530916522862823
-1.6179789354697112
-2.857808791720968
-0.9280175991787556
0.8469562490245037
2.376089775970576
-2.1821500848157034
2.053969875066849
2.7823826020513547
0.635111932314172
-0.6510014563210611
-0.5098223019380569
1.052955721444838
-0.7947860052356116
-2.0619926064665894
-0.6353897545041285
-5.199968410458637
2.349646244165527
0.8213719680866132
0.9327040464299714
-0.03935383740315443
1.7366137321233346
-1.810977879577113
-0.387917313589705
1.496095605342964
-1.5235433223201917
-0.9497220201049628
-3.8411655673497744
0.5947129643768514
-0.47063430228496556
-1.5015279697528177
1.2296742366345286
-1.8810693156911233
-1.3656569362727118
1.9717664642080241
0.38117651891137627
-3.87749667203539
3.202167530442167
-0.8876547409256812
-4.139287081835481
-4.479760692240603
0.15051560008863787
3.4050676315157715
-2.087467196851776
4.755886774143509
5.81465478922531
-1.4262423120990846
-2.797512014887448
-1.6815909220077692
0.02859514067579969
8.28232814648701
4.092763799116538
3.5753897656835294
-3.9902067998867237
1.3705074614229127
-3.889299510074054
1.7992949740425759
-0.053577949132496284
-3.8649062663419973
2.258629282992738
4.243602270283544
1.62802141367359
-1.6175914341927038
0.009104366183251753
1.1896470586427585
-0.9869876743514828
-1.5768372507193844
5.791847938524606
0.8341139845669537
1.0079019526427155
3.6414285449128454
3.9072740882922226
2.0256905393233717
-0.39641868089732407
0.233276515758605
-1.2107047967496465
-1.4119614464196617
1.6431210367771523
0.6967071406133092
1.538450832613449
-0.6037424979109057
-0.09832449916338915
0.5922625465294237
1.4523224139707136
0.6023040468620983
-1.8525728693916061
6.436219091984751
2.0803209155861087
-1.6713071204111387
0.05713136670592858
-0.22715503683730093
-1.2860116838208178
-0.29681345244580964
1.0427753579203665
4.919782408822039
-1.2389340784166942
-0.8627432059175608
-0.07666966500173242
3.0212647969362507
0.8515278822145569
-1.4777614084082367
-0.06046129398073166
-1.1040343246253796
-2.592929842253127
2.5967185022605843
-0.4998649517952844
0.8409000306014961
0.7802148287685217
-0.21755518820751368
0.12720401514003177
-4.476255518711653
-1.0382385163094783
1.6913775476449142
3.553237555048826
1.7593828066007458
3.6443656280490786
0.3936646108645967
-0.06540485279151663
3.446667288203726
4.506313670357024
3.2941556797857205
0.038967385271454553
-0.03095955900607058
3.0762088501932485
-2.3655672718379583
-9.562379248224225
1.7948463169727054
0.40517763711508714
-0.1205261964315649
-8.835598218696383
1.046913266531889
-6.777174997541587
3.7260089272636536
0.5855935450387603
-2.7325245215941436
0.11852586360436433
-1.3394419658844634
1.2402888321171561
-8.950576180169138
-0.20997488849072532
1.8111539601738793
-2.817899359249896
0.03129259831228889
2.218534928245439
-2.792299009885604
-2.9686099479747305
-3.7667907075006153
-0.9678304855553461
-2.7362732080997443
-0.6882618732152347
3.877407790411898
2.398481634879927
-2.9882599092634328
1.7620366357712605
0.6848297704178362
-0.4536781824801337
0.13812678490981714
0.665612256219289
-0.12000652894695243
-2.322764180281994
-7.697750309774874
-1.5501384593364842
4.528796660545731
-0.18833677282504546
-1.453529271166601
0.5203838492623356
0.0532929382423855
-3.8493693793789774
-0.2646104789129872
2.0086577734996447
0.8883537002821836
2.7301528348917183
3.412168571036023
0.3333178075682972
-0.304808897292041
0.6025897953466277
-0.3436450719411722
-0.06958472325656084
-0.23553592579236907
4.234670618468478
4.682197084956489
-0.6391098788728194
1.778808768480896
-4.2727674366966415
-0.1141487577516884
1.913526837523196
1.1161724195551903
0.33215020869122697
-0.5846663787150609
1.022785570482791
-3.4792437115925265
1.5982583607669534
-2.1798376852555106
0.6005782651164467
-1.1898646278438672
0.27885946433854364
-3.3781235254052326
-4.104367892019283
3.12021001130079
