-0.8672401569783688
1.5873232819139957
-0.8957801721990108
1.088433001190424
0.7010498382151127
0.1912921406328678
-0.7089522741734982
-0.3280983231961727
1.4646675921976566
1.8414188362658024
-0.33998021110892296
1.171157095581293
-0.21212908253073692
0.9175861813127995
0.8566438294947147
-0.2526679299771786
-0.402582373470068
-0.637823011726141
0.08892766013741493
0.12405941262841225
1.3825655318796635
-0.3199259303510189
0.12737909331917763
0.5874719358980656
-0.8049275539815426
1.9386602379381657
-0.6949940584599972
-1.0137975476682186
-0.35080381855368614
-2.2321816943585873
-0.4826839827001095
1.7313837744295597
-0.0783054493367672
0.3599310852587223
0.2223171330988407
1.7966487146914005
-1.2481746338307858
0.4698813892900944
0.4405171014368534
-2.281869914382696
-0.5586535595357418
0.41505203023552895
-0.2450762651860714
-0.40553930029273033
0.8545155860483646
2.075325820595026
-0.6889551542699337
0.08677336946129799
0.4180906154215336
-1.1069144271314144
-0.1831117533147335
0.4187009073793888
1.121329341083765
-0.12678590044379234
-0.4570382498204708
-0.6236238740384579
0.515989575535059
-0.4169057868421078
-0.6777268312871456
0.30843183770775795
-0.2836708687245846
1.1526087261736393
0.5503303147852421
1.1260008551180363
0.39910582080483437
-0.7258595488965511
0.18514100089669228
0.3027159906923771
-0.1964225433766842
-0.7974277995526791
-0.25278696045279503
0.8747100569307804
1.7315018512308598
0.7552867867052555
0.31955424323678017
-0.5593841336667538
2.547136817127466
-0.6878329776227474
-1.4523275755345821
0.16156623139977455
-0.8227598331868649
1.8155957199633121
-0.36042460426688194
-1.2388060353696346
-0.8889302872121334
-0.22954430803656578
-0.6342290304601192
-1.4743681214749813
-0.5996167324483395
0.2441297508776188
0.05926695838570595
-0.6964872144162655
-1.340561356395483
-0.13349929079413414
1.6155711747705936
-1.4940305016934872
0.06499365344643593
-0.17004862055182457
0.49269143119454384
1.1066348291933537
1.3563061095774174
-1.1106354258954525
-1.2888644598424435
0.641641590744257
-1.1648661755025387
0.36212310567498207
-1.1460886858403683
-0.7903774045407772
-1.6342653892934322
2.128109786659479
-0.9334734342992306
1.4717106558382511
0.3748662807047367
0.6297074295580387
0.05698910728096962
1.651538584381342
-0.14821335300803185
1.8717988468706608
0.09580675140023232
2.5352391935884953
-0.6517464779317379
-0.5782331489026546
1.0159873105585575
-0.5285547040402889
-1.0214752815663815
-0.5905057452619076
0.2130385972559452
-0.6287102960050106
-0.5806419514119625
0.527363870292902
-0.3550315760076046
-0.2915947698056698
0.9100113250315189
-1.969741489738226
0.8322846032679081
0.5189246870577335
0.2522423602640629
-0.26443901285529137
1.8579949475824833
-1.5985191129148006
-1.1896910332143307
0.023154113441705704
0.367607269436121
0.5172066427767277
0.5109689570963383
-0.16457929834723473
-0.4308706186711788
-1.4102652333676815
-0.15651985630393028
-0.32275643572211266
0.23306909576058388
-0.09480192884802818
-0.14039966091513634
1.616005513817072
1.692434225231409
-0.6877706311643124
2.17358735576272
0.281589362770319
-0.15726741775870323
0.22196147218346596
-0.03780099377036095
-0.13362207636237144
0.14197197929024696
1.6080271936953068
-0.0353068970143795
-0.8747459910809994
0.6106602288782597
0.006559345871210098
-0.5171725414693356
0.3756004311144352
0.8318051435053349
0.5161907412111759
-1.619140114635229
2.4973000027239323
-1.0490854643285275
-0.20194580778479576
0.08554819598793983
-1.0672644637525082
-1.3240037821233273
-0.9242174886167049
-0.4138497970998287
-1.313210155814886
0.27755800262093544
-0.8644914887845516
0.4344237186014652
-0.6731542609632015
0.5886077024042606
0.3258650042116642
0.7446265555918217
-0.017213966697454453
1.0046531297266483
0.5579848028719425
2.1935165263712406
-0.6530064605176449
-1.5162979029119015
0.30550071969628334
0.02035144343972206
1.6743510700762272
-0.4537375830113888
0.6045455671846867
0.026889119297266006
-1.2177585624158382
-0.7246580980718136
1.0537521578371525
-0.42261263355612755
2.050547454506159
1.3164483644068241
0.8142533041536808
-0.4013960026204586
-1.5783480666577816
-0.12241038307547569
-0.3903181813657284
1.5797968246042728
-0.5995623134076595
-1.270726528018713
-0.27382948622107506
-2.427276339381933
-0.945712473243475
1.2045077420771122
0.012352202087640762
-1.8083576820790768
2.013084266334772
-0.8011997602880001
-0.12064030393958092
-0.3866893909871578
1.4692107178270817
0.1701587773859501
1.30082580819726
1.5769863463938236
0.17754969373345375
-0.8609088324010372
-2.1871166490018368
0.38442734256386757
0.4554840065538883
0.688605222851038
-1.485834863036871
-0.10010858997702599
-0.8171035312116146
-1.0357912443578243
-0.9341960214078426
0.550136361271143
0.802169892936945
0.6739095784723759
-0.3085673116147518
2.3244200088083744
-0.681812908500433
0.08821550384163857
0.1771840788424015
-1.2254998348653316
2.2983308769762516
0.04013434424996376
1.8716909624636173
-0.9853653572499752
-1.1275159381330013
-0.07482608780264854
0.6860861517488956
-0.27841874584555626
-0.26697054132819176
-2.2986579798161983
-0.9059975408017635
-0.8654021881520748
0.1348498798906803
-0.11085351929068565
-0.8684273026883602
0.05544212833046913
-0.10467186197638512
-0.42840489372611046
-0.6025703214108944
-1.1516279838979244
-0.605652954429388
0.39419570937752724
-0.9472937844693661
-0.5598547123372555
0.5742894150316715
-0.43504389747977257
-0.17896487936377525
-0.679980244487524
-0.059961941093206406
0.8543840982019901
-2.011450793594122
-0.4602467678487301
-1.4410242103040218
-0.4045124910771847
0.4038812853395939
0.7136035300791264
1.0609854198992252
0.683774147182703
-0.5218358300626278
-1.9816715382039547
-0.3615502379834652
-0.4227481745183468
0.18503067269921303
-0.8068141601979733
0.046251628547906876
0.2964283563196659
-0.9393863938748837
-1.4600665234029293
0.6017738319933414
-0.5756884478032589
-0.7964542172849178
-0.07717081531882286
3.1848991848528385
-0.8935907743871212
-0.7250399850308895
-0.23136922344565392
-0.7619895003736019
0.050729189068078995
0.4984891153872013
0.06659606471657753
-0.23400941118597984
0.5277792550623417
0.6602658964693546
-0.6315171383321285
0.3362222649157047
-0.6294327639043331
0.10892317071557045
-1.211451020091772
0.0785883404314518
-0.02539905533194542
-1.2444062493741512
-0.9964477680623531
-0.31452837213873863
-0.7021118067204952
1.0739104487001896
0.2527504302561283
-0.5882450602948666
-0.13906320556998253
0.10000607743859291
0.33790138736367226
1.074821088463068
-1.2532454393804073
-1.5674865506589413
-0.3767370842397213
-1.945447113364935
-0.39915069565176964
-0.767434623092413
0.03559282794594765
1.2933331467211246
0.6312288381159306
0.22379467263817787
0.06414893642067909
1.2960446812212467
0.6084009744226933
0.6923341490328312
-0.23931094631552696
0.1300703026354313
0.8653735257685184
-0.513183381408453
0.7394709922373295
-0.5747071765363216
-0.7023456953465939
2.0183748938143253
-0.8227474354207516
-2.625904943794012
0.36325112357735634
-0.7393582127988338
-0.18670841678977013
-0.26864018663764
-0.917328204959631
1.7497501112520695
-1.0506541393697262
0.8144699074327946
0.03892413154244423
-0.4156673215329647
-0.5503267906606197
0.5033081509172916
-0.6224840544164181
-0.5744776986539364
-0.2589685581624508
0.2402573563158512
-0.19354495033621788
-0.5030482076108456
0.8126783706247807
-0.9697996638715267
-1.4037507437169552
0.5847539640963078
-0.7836281917989254
-0.5594800971448421
0.57990637794137
0.037561628967523575
0.06636956706643105
-0.3989011310040951
1.1529342271387577
0.7665075995028019
1.03942945972085
0.2043200470507145
1.273340616375208
-0.7547753117978573
-0.6251907013356686
0.5050662495195866
0.4616333581507206
-1.490154292434454
-0.12573310360312462
1.3207202889025211
-0.1991797350347042
1.1590034700930119
-1.0979399345815182
-0.9688350223004818
-1.0635908506810665
-1.6461692117154598
-0.6150533817708492
-0.4212168715894222
-0.9235921762883663
-1.182039525359869
0.8121843673288822
1.4684575535356998
0.9913241006433964
-0.16247465834021568
-1.7644688747823238
0.7675710655748844
-0.9858342073857784
-0.7388417981564999
-0.7307552956044674
-0.8939935229718685
0.04044071212410927
-0.5000081323087215
-0.9099170826375484
0.676146600395441
0.5281566716730595
-1.4723408482968807
-0.562696423381567
0.23287424817681313
0.49782148376107216
0.8802928663790226
-0.38733550533652306
1.0935722328722477
0.5324429608881474
-0.3434741757810116
-0.5195765160024166
-0.8618766330182552
-0.22247108444571495
-0.48250916227698326
-1.5326616428792477
-0.19108953699469566
-1.0589128397405148
-1.3131792806088924
0.5626669265329838
0.1108163334429264
1.293625507503748
-0.04935171827673912
2.3181670047342777
-0.388776209205389
1.6681517697870731
0.6576063372194767
-0.15190359577536583
-1.559984352439642
1.4601737596094608
0.718827698379755
-0.17078706249594688
-0.7104252837598324
0.627699289470911
1.6079451777040958
-0.49922558292746544
2.4147838093340397
-1.3087638281285763
-0.6389084123075008
-0.3354613445699215
-0.36697426065802574
0.7337922193109989
-0.423100259155035
-2.315236534923315
-0.6758166812360287
0.4008752442896366
-0.5834975503385067
0.4882066585123539
1.430639360100031
0.9004930593073368
-0.3964674733579159
1.5641260482370853
-1.542723324149847
0.0031534768640995026
-1.5758772157132626
0.9642794467508793
0.47147807851433754
0.0418643094599247
-0.27309396490454674
2.3029246665537357
-1.8968736194074154
-0.0878666304051876
0.9230150915682316
1.7568195201456547
1.5446043945848942
-0.9280315302312374
0.9860827662050724
0.06522182002663612
-0.44920506700873375
0.5418774224817753
-0.5477581284940243
0.5298893786966801
-0.5609191916882992
-0.09513195976614952
0.42012521997094154
1.0150800086557865
0.08934483304619789
1.3064481355249882
0.5508656240999699
-0.05244847759604454
-0.05603018030524254
0.45462552085518837
-0.9319041036069393
-0.6834382675588131
-1.9921614192426205
-1.380091991275549
0.757948849350214
-0.32613154873251915
-1.151666071265936
-0.36469658836722374
0.9690572954714298
-0.8662705086171627
0.5953386761248112
-0.10368045791983604
-0.38744595274329185
0.37290266528725624
0.9412356354296207
-1.6390357874333858
0.16207191720604897
0.6306457854807377
-2.859092380851507
0.5497452355921268
-0.3462562821805477
-1.2912833355367184
0.011737439781427383
1.545670423656702
-1.313797738403082
-1.028626885265112
-1.0663920901715755
3.9942475892603397
-1.5794196389615536
0.345372948795557
-2.151098158210516
0.10348454490303993
0.5805108286440372
0.31997397914528847
0.2625020481646061
-1.3561108969151974
0.45212647691369057
-1.0530659817159176
1.2417913414537907
0.9484690763056278
-0.11593988165259361
0.8405108787119389
3.4166525341570377
-1.0872677229344845
-1.7125554345548153
-1.8225376270711422
0.9794684387743473
-0.0053134821355342865
-1.3640873692929745
1.6970463134348392
1.6851218678057194
0.2148396112024784
0.46559712663292885
-0.2989794872701168
0.850995633751154
0.1561993695795536
0.8751308657228947
-0.9463572166860104
-0.643027450889349
-0.0357263945043087
1.525646660476923
-1.8183290623128414
-1.3545645736157894
-0.6529298685491085
0.6407773233950138
1.07436278834939
-0.27873292192816734
0.5750967599451542
-1.9933443330228329
-0.716523852199316
-0.8481496833264828
0.4813613034784794
-0.02808549627661705
-0.07673117145895958
1.0670679546892643
0.4613715745508671
0.44768664613366127
-0.32950135692954063
-0.8406971953809261
-0.5268646143376827
0.9076049067080021
-1.2355765961110592
-0.31656232103705406
-0.96283945068717
-0.6121979020535946
1.0068009234964848
0.4568553902208805
-1.7635451219975948
-0.5130889676511288
-3.238110985606909
0.8594387508928776
-1.2834738157689571
0.36606452241539955
-1.0435545109212399
-2.166429426521063
-0.31461771950125694
-1.2511046193540096
0.07972816005349159
1.8841336704790592
0.9135309793055058
-1.0784635804593563
-0.8165051601827145
-0.9214891456067562
-0.26601990684866905
0.7326204515993595
-1.117996659129858
-0.9534150622785091
-0.9577625654637814
1.5932802893221378
-1.647988524287939
-0.01926126703619957
0.29631081596016884
-1.5228512547910213
0.3327770568430424
0.6358550526201725
-2.4832919500768185
1.920358631759882
0.12605789676308632
1.329316709190607
1.2864369489252567
0.021542761474847794
-1.4038881920278072
-1.0589934848248959
-1.2489946745336056
1.4418339468538761
0.1696966029703617
-1.0866927169263363
0.6184209920465946
-0.5951349996030331
-0.16392990574240685
0.2511018253862858
0.15919176116585732
-1.3032312653958797
1.146990094333887
0.5217729546129704
1.2063254453241825
1.666177961975336
0.21671441569924355
0.8552034832537174
-0.8446701429784298
0.2242254950106144
-1.2779991291463375
0.943776223808527
0.9642128087580204
-2.155455853790045
-0.09789272770285606
0.04237398877739906
0.1534821130335331
-0.43673327192664146
0.5587914325296879
-1.0316204093396664
-1.1938544176518917
-0.020973946899175644
2.0563111640512943
-0.8983241580426693
-0.432288970798254
0.2529549337923527
0.32142427936196327
0.3846455551683903
1.6461862660944462
0.1086861826479435
-1.1566114090383053
0.32217154279351234
-1.1879208944737911
0.8323526121675968
0.6739619113504887
-0.018363382667303085
-0.6016026400029659
-0.7274129651486874
-1.572597946971655
0.992923591285944
0.30064884200692177
-0.15947773680090904
0.28046682849526405
-0.45158472284674644
-0.023158635944128036
0.5097911097109318
-0.0275859497487545
1.4029944874346256
-0.5525172613561153
-0.1834736131131649
1.8050015307962894
-0.1259559653699398
-0.7044192217290401
-0.14063909277319908
-1.357512917369604
1.8414467312395573
0.6666432954370975
0.29942748323082924
0.9116285182535648
-0.25241461023688316
-1.7313218973577023
-0.6396410726010799
-0.3983163498342037
0.5973428227007389
-0.6278069876134396
-1.1717119477689266
-0.7355897091329098
0.9581018425524235
0.8101958371698856
0.0518476702272892
1.0140662528574467
0.9597452618181705
-0.02180561050772667
-1.0578294061124325
-0.4725906513631344
1.2946558929979801
-0.16580351814627647
1.9728896357119083
1.043697390705347
1.2177165485918522
-0.10129007324576378
-1.8198623917996883
-0.635311808437109
-0.45368995890021324
1.2547425366938114
0.16254732385277748
-0.14536043629050255
0.6603191830217838
-0.4521978758275509
0.0812515951693058
-1.5596906803548336
0.5021267868578434
-0.014103498309850693
-0.3401167653501034
-0.38904472813010216
0.5766156651079655
-1.660466518253088
-1.81542494520545
-0.5816647671163082
-0.04883136972784996
-1.0582791231572628
0.5039598681032658
0.47670701518654823
-0.7443315051496029
1.687966499477625
1.029170487076044
-1.0371715687215328
0.6824980713427067
0.03627816215157509
-0.2661602757871151
0.6159572936594486
1.9865401722490788
-1.9928363226354122
-0.8458996079862118
-0.26214858517050743
-1.5148223899304867
0.18363085761666298
0.38858530297875404
0.19276860728859901
0.05829319730401039
0.7111875154078007
0.09842726960778236
0.40746668353676796
0.14826974645256996
-0.7021585367619991
0.5072591044008732
-0.6287965439260006
0.759990070015192
0.21410051360726357
0.4012136198580265
0.6357367374002934
-0.5391630195081234
0.29297247901558876
0.12892362847924232
0.3153243400156498
-0.6193067096173763
0.9299651719629765
0.6015219427645206
-0.9132759235799313
-0.7880581878125668
-0.9169135950505733
-0.7073586247861385
0.1891937591135502
-1.7905346415936947
-0.7271560095250607
-1.7615852616727352
-1.5755087994039059
1.1906467415392399
-1.4177542589604855
-0.9625251553952694
1.1568742133677006
-1.464631225913763
0.6567994691431522
0.8509545065462589
-1.6868993900716305
1.1860142685472965
0.7045129872858524
1.4024865366518497
0.38242820277810097
-0.3525339625775814
0.4958941079676151
-0.021796252578496933
1.416614804416895
0.9871068932116032
0.3639506436884403
-0.5732610486447811
1.0299182273447514
0.8348196484148502
0.20419040694832802
0.1592249609529972
1.3990962840616703
1.3829871155321598
0.4746212102472782
0.14929458871483803
-0.7365932129323483
1.3864921070635319
-1.804249133914709
1.9330806471407413
-0.0753924511373043
-0.8372825644910336
-0.049412813037633896
1.6092159487307072
0.24695638194680214
1.5915459133684635
-1.1153620146214962
0.8388333059847355
-0.3427889011800289
1.115360353142023
-0.294088926166296
2.8455655314028263
-0.8553704880177975
-0.26095643267035484
-1.3150857351720333
2.4155454374849796
0.2609694339334965
-1.9700216315686703
0.6546553708612919
-0.10259416326880455
-0.8795113228261471
2.118047568947077
0.01064220443367958
0.20227954164147377
-0.6000549457967281
0.6956339813768864
1.7108825780451298
-0.1962006352841854
-0.6614036224782467
1.0176204182207584
-0.7241156958043575
0.7380981184542179
-0.26179954037070274
-1.098610308021307
0.7886551953852177
-0.39619138464331627
-1.0369848869740963
-1.27317538484931
-0.10529693588614464
-0.43793633207678795
0.9397981502115726
2.4363080002367496
-0.19796427711844444
1.3364960886538029
1.157807383686304
-0.4652773402631283
0.28116098418831825
1.2132386900484562
-0.33119937404990196
1.0894514061510563
-0.33491333946585655
-0.959075715392828
-0.9129643104970455
-0.26962294802069664
-0.15067943558096886
-0.7693143151700497
0.5892703868448734
0.6498824097216129
0.29187050834298134
1.7561557032167912
-1.0852374695241451
0.602850291877985
0.013244304805994034
1.1534671522676945
0.3652699328958988
-0.09333648905158043
0.5964497663080692
-0.4787471555173397
2.8050504066050053
-0.5587951205670834
0.18699470534920692
-0.4793544076383114
1.6608617641031742
-1.3511427901685238
0.4928869344294071
0.37527820840477943
-0.07803818210959435
-0.4654966853559017
-1.2153657339513302
0.8712835051119328
-0.8598916195333004
-0.33447399362921715
0.895244512706995
-2.6427057050168514
1.429559264332056
1.17180809751153
0.2202254869043827
-1.255556609481573
-0.532927718013525
-0.2542675994336605
-0.2824149988591671
-0.4936363957822323
-1.5080947540700436
0.6421817280352116
-0.0921691320836544
-0.32081225141882896
0.3058159686625004
0.6785388924181461
-1.1260291002690792
-2.138451363891363
0.2730622626841068
2.234686706215143
0.2615129090845585
1.2145790793001652
1.3204019404947758
1.2530079819262028
0.2784647084772587
-2.538088109344244
-0.06290718540549278
-0.7616144679486752
0.6953341104090214
-1.1103201173245907
-0.8251073025166988
-0.7417978309094906
-0.15487107262015343
0.34651586785912514
-0.3519405983388424
-0.057659294456243515
1.6233569718897343
0.24355265870690346
-0.46664926037192345
-0.516816046088934
0.48802605643868446
-2.4455769322812557
-0.429975476115942
1.6356147266924381
-0.5403560064733028
-1.1847400926053524
-0.9401614330708981
1.7170158363878727
1.1212185956537724
-0.8753040097653866
0.8670506812632084
0.6072700954973698
1.61825767531991
0.14386412873864174
0.41841867938637733
0.7487603165209293
0.6587690450251102
0.09639713540673256
0.7032003737986088
-1.8536306880414486
0.5132605172693729
0.7684278227388859
-0.7268464230000973
2.367479894310236
1.0147399045526981
-0.4914109967648983
-1.7574638985097408
-1.458025123924017
0.5587150193750858
0.22801348939538002
-0.7118942402303219
-0.6377629302442074
0.10319367423653603
-1.5996659062802792
-1.3508796356618404
1.0831492878496647
0.16868368163704872
2.061683628708124
-0.8726622723042965
0.5220943428575993
0.8381928540766239
-0.18930509313941002
0.08701566234230995
1.0589550472795963
0.7572290040552616
-1.1914992593228817
1.454911980777979
0.6361142136156559
-0.8662000559270382
0.7787339426577091
-0.27971550449728966
-0.24154534563422203
0.7384134866297245
-0.9924726746976376
0.9348910190165043
1.4933591820299625
1.9040774442255497
-0.6564862988889217
-1.2870106361806393
0.4707106091082096
1.5262996293604374
0.19782588258385658
-0.7686626575887203
-0.11710825189948082
1.0630878545343876
0.5440966822206974
-0.7708072327077389
1.4847854115068913
0.5349499322474003
0.9184589125216007
