0.00484003595968392
0.25223958806178753
16.63129529777663
0.22270165973830328
0.8645210989099155
0.033527661078663354
2.1425464938052095
12.543509165436655
0.815669263224007
1.5058512652123035
1.3069329438410844
0.6405472697376628
0.047631398431116474
15.183729120779349
0.025943087484415008
0.0039675704677176295
1.1849394072774673
0.053675531589840855
0.3476311992585983
0.0004969040257929869
0.14462252211569324
1.740337538455168
0.037677493504269965
0.3891014422546154
0.7088762759718041
4.1742529226184155
0.9882156300633032
2.2446361428462693
0.02173597295583983
0.010753861780305615
0.016791019367479947
3.4932625459198667
0.6350818511331401
17.29772781433933
0.3695495367496279
3.8058573386869003
0.008984968048636115
0.05496842724763192
0.9805503648807088
0.022610631796338952
0.12456659229546224
0.005036901332514006
5.316994674746072
0.28549302425100453
0.021169989540222003
3.082993816391853
0.19489246756568135
3.4592811618841126
14.999683012804736
0.12444397672004452
0.00899948713399899
0.07775545849940416
0.5494470367474313
0.0003902479824395008
0.016945152044474384
2.945088386617964
1.9034160298651495
0.300055381771414
0.04478501140650845
3.4157418314921633
0.00440771563792536
0.15728378471541898
0.5885228307869718
0.7797422937793801
2.0577803124409755
0.04529695298459906
2.509790346186469
9.26333350034071
4.91195995715142
0.33438719828357527
0.025077852310126714
0.015672017695309966
1.4142535563631253
0.10535989893669796
2.8786609601998174
0.864879554622381
1.6799476789003713
0.202005251370993
0.007096045466729309
0.023073671797159714
2.0411126834730524
1.375837073990899
4.507029265914656
1.2473442623705377
1.0911237493315133
0.00975369476467553
0.040987993235222446
7.27890426957653
0.06000288085956698
1.5184110578620185
0.05615668730467608
5.810386291522324
0.1915828861982891
2.5231228940588086
1.147647414134563
0.913396290661711
0.2494262151109488
0.12039333879426238
0.0006740907369275269
0.4982889306197476
7.062158821591798
0.3847434866251433
0.05336626351706094
9.619527369836623
0.047819775463484905
0.00024353340306768406
0.30337043088917776
0.01885125492314486
0.01375853305525798
0.009915256779134879
1.2490996711915323
1.1445567355411035
0.020297117134720124
0.4165318850643636
2.249426705975505
0.4013015593949775
0.00270910477505876
0.21804045232642355
0.040053382726906527
0.03193317300079807
2.9527879040437672
0.06515549316279572
0.9432412146811141
0.12234536743349894
0.7816612814748537
3.074909670839939
2.249989489911091
9.127567878682006
4.6976856719152284e-05
0.044486472126243515
0.002330382849902822
22.756175092450395
2.4604850911793948e-05
0.5022644283271309
0.6995678080881302
0.15619719067083151
0.007364330716952678
0.7995198347607536
0.7901461558429339
0.8885947360175905
0.1321879151724344
0.03092183561754447
0.2004622290384939
1.6516959438100272
0.010504007995627136
0.2078182573902993
0.9206880274395641
0.2915719947142288
11.537477113590844
5.242275243871627
2.8049007895178972
0.4818436420894427
0.10628243911764103
0.009451673657105565
0.06666284955778252
7.704279866321862
0.05900261116896183
0.21185257614072128
0.003700560775385081
0.07345620776046563
0.0017850543067438789
0.2766425954251641
1.0091917259704402
0.4932985570330335
2.4216881406079716
0.3163018322356845
3.9120036258647874
0.5759134045904397
0.509514423652794
7.598365539573484
0.003324763688656074
0.13208848300971554
0.05002748406995981
0.15123070691210608
0.0806730055380899
0.12355572307546199
0.570806066930528
1.4584113371995773
0.014252544216942536
6.76501106981975
0.4970573531346202
0.16996137363258462
1.0924775534588012
0.6575425623867756
0.04168150204235848
0.003268018067451509
1.5339451427070376
0.26654405148878074
0.7114284523463719
28.383405827614077
0.6163613963513619
1.8403454004878301
2.761797609270572
0.011364381863986067
0.32610550665611326
2.124402291394472
3.1410728846590334
1.5240914238833294
0.8385425325745814
0.4691070347094641
0.5164907452698404
0.8838186291458496
0.34261770503236905
0.00872085737595496
0.6894524418982722
10.927014352276311
0.13713471579189568
9.887029833843727
0.040467279407296754
0.34539590419255733
3.613396932792545
0.0008735862843547362
1.127802766596315
16.39016752919575
0.0209877434456523
0.6969608522224415
9.634503948498618e-05
0.4381854274074636
0.9617438466603515
4.577979945011357
3.6867463752400003
5.484089847722236
0.025134924603226118
0.19915368515144244
0.4855886231611186
0.001916222056070281
13.71082215970325
0.018146064280945704
0.6404625275209062
0.35483763073472474
0.03248386302608843
2.1399795220201585
32.31302697503479
2.472493671330692
0.07765705652733663
0.39511371433537734
0.001456453002905281
0.010053153716300955
0.2611951268036889
5.855238655242154
1.293750865262246
0.04178059118490908
0.12015420565971088
0.2385373813279001
0.1006449587848382
1.919456919734064
0.809808108005785
0.25147708138707386
0.010689691363466779
0.21872496728373744
0.2652065470385892
0.044525017827647694
0.024771644044348635
6.2698169335321134
1.145774971857361
0.8795544428117684
0.039253147009584335
1.018656490327365
1.1266395170126435
0.6475345791603653
0.0820988590642977
0.22698396989438138
2.8635178817044187
0.5520177771892635
1.8614077704922936
0.12043628274409571
3.029638353552004
0.6934074936913412
0.021732215420684754
0.19115850992010414
0.08031847361916745
21.098150704257556
0.5467672440701331
0.021494947230692295
2.2458004285256465
0.10955552900987446
0.009768871012572842
0.0401381826782211
0.06188274411630293
0.5629067330485579
1.2275844683528585
0.17754124404206292
0.18356798044867542
2.1281859947349546
0.26188439913995676
0.4443958815450321
1.8200106891539873
0.9974284980405905
2.3253023930934065
5.568411968411715
1.8734065356939398
1.0673781770019959
0.010618019501563367
3.7047319224487647
1.3450692831179554
0.6864314458356879
0.284475321468456
0.6177790647552422
0.316689605428284
0.021889202342700573
0.08631154935437277
1.3163169722485494e-07
0.36163687411015755
1.0987137144001597
0.008480312228053613
0.02197614569324145
0.5186891422029057
0.9593470716852687
1.7276701097450315
0.34632286887456604
0.008224633170950978
0.006693460089486428
2.9239326645642074
1.0447266632932113
1.0643286696263912
1.294791640120447
0.3515275507904593
1.3130936406146951
7.627080851975121
0.048626187339077274
0.01728378699288555
0.4925123954362539
0.2598300013272585
0.94500468739132
0.02453526428676326
3.6910234453841753
2.368248131499491
0.1379261123797364
0.5882789618993216
0.8553079712135632
0.03876105923827326
0.6806253459186296
1.142095459940652
6.36213167960492
0.4617419967285943
12.476901132205304
0.9694286732606202
1.120020321235628
0.7958786846863763
8.817684422835844
1.2222320615687727
0.1623425915639215
0.02242221973386783
2.34922741133005
0.5266576533572883
0.020248565927456705
0.1770607267059604
0.9195759105884715
21.11968359133004
0.05147192016353093
1.170574416403391
1.4561731468484338
4.901024567689463
1.5164736289107017
1.0425483003544764
0.16311289120193892
0.1411667526642901
16.10897804584249
31.990790372848583
2.844935942352531
0.5336603055704495
0.027592812123902036
0.0042056296609068846
3.376264954088748
0.4393091141847836
0.9516440864276272
1.6473421284051626
1.16337732330647
0.09387130207145888
2.169890302679247
12.084341935742158
0.28473549400789616
0.09670809249594148
0.08979941469581422
0.049033918113391896
4.3241036218969245e-05
0.8636459536131399
0.14465356117772904
0.22666401485629378
5.058848992741271
0.8748055195139212
0.21724618742516671
0.051647934388572236
0.02998202954817929
1.0926283676218684
0.2937449791704697
0.20809949597299496
0.08082108716447699
0.2616686407107735
0.39989351171126447
0.006698739693246575
1.9447207041122152
1.0658244248438897
0.4829247880753587
9.068213091288696
0.8511031405382128
1.9820356175990488
0.07968148898323787
0.21180077651295667
0.002418284700288475
1.9959515118293867e-06
0.052687452703058385
0.44513410462269554
2.6424939140463364
2.056055332294862
0.09795325098181162
10.639328479402666
1.7473699008005315
2.6948830717721326
0.13928087588214172
0.6563997597370705
0.36479870681470894
1.9699203616114385
0.02240836385522818
1.7002676742869964
0.059187902428325743
3.2409211389260597
0.03102315000622204
0.18999252066729033
0.3887660696674876
0.006861351727419717
0.03394945752133145
1.198770034437018
0.2996893328458895
0.005162075743669085
0.7506739027257233
0.7769593725708699
0.011065447828378313
0.1996572309049884
0.6350143102445087
0.5812268766062355
0.009100953034056404
1.575101563380155
0.12198671342216776
3.7406446975810073
0.5602123151442251
0.09260881009786437
0.000807598244222151
57.803380669365595
0.739423936079288
1.5686841767824378
3.9535371720883594
0.6498716928662792
3.8293757078873147
2.0274091708733994
0.006187645262920783
0.1050723433928931
0.022839346866567634
2.0751044201129374
0.008640313937330713
0.08292661429988346
1.4772689110243649
5.22306118126841
0.674908477614189
0.09546402281940358
1.9023328762322569
3.0784836766285726
8.587518063321312
0.7781152740789097
0.05602214913973327
0.004698297003536565
6.300260734513292
0.04664646739709946
0.21346661313841936
0.02853896444715686
1.3964173166647158e-05
1.1751338453816238
0.9302497880533748
1.9768240453106984
3.1146612793581143
2.0175412218466846
2.213699528605163
2.5665763099286902
0.17429003659214878
7.000748401811206
0.12817180777146164
3.0675191493263045
0.22952394567970624
2.07608490844764
3.047379859864624
0.9477149602320614
14.094387275427817
0.7585468390000641
0.140461504459984
0.10754272111209255
1.9114047868580661
0.09354837764466936
0.10960491907221316
3.0208697365167287
2.3592510884324676
0.34614634198764654
0.33242224770546597
0.5225122040710783
0.2063547170489342
0.05193758780645542
0.009113844145351404
8.844256216781883
6.428403468986792
0.21019963419986995
1.7952337080021692
0.0109807399810702
0.7864083618517795
0.6725772983243762
0.043224031857262785
0.26782942583019737
1.8275370378330922
0.01432166202591023
0.8192163666750625
0.0012797204608724785
4.401058538470039
14.511196253893663
2.4377218783785133
0.41608979459681456
0.06583906553089942
1.882440478482357
0.09316938581340231
0.5427651618182219
0.38941673445290936
6.214969610524126
0.04824819340596835
3.42625546770714
5.374073934234788
0.5699625715818243
5.79842485677191
0.06308318306165858
0.5512444056451415
0.11694183350541452
0.007933502296333076
0.8227774992634259
0.09049262579112928
0.138009669567721
0.03426007066576077
0.001027717925116341
3.5423716207115445
0.83724915404386
0.1321902755493242
1.9261397551357327
1.3201302981840275
0.27890308326869745
0.04076687757237824
0.17179734315591497
0.00019263635525918632
0.775939021837614
0.03833674846549788
0.0915068477579282
3.9901843635350103
0.00038836363162780233
0.027015816598475843
2.531742703810024
0.0038574539996414385
0.20067634406854182
0.12132218526478052
0.6049965660187387
1.7107114976974744
0.007872733558001162
0.22726901969113616
0.7536527897722384
1.1411956538915355
0.0031155874455347857
2.7328391045407363
0.41178055042113343
3.8557017965019256
1.460210720132345
2.9514533248833983
0.03099238900539756
2.2236645634777465
8.890160872243468
0.07370365333837813
7.258386210675371
0.2816213560017492
4.862251971408501e-06
0.01887025253854014
0.7049074467555032
3.962773976965201
0.018304569721514327
2.00215263244692
2.4765711325209785
0.6097775351980181
0.638263674551456
0.04967616696509786
0.027340303107649313
0.5282373533260666
0.8558301127743377
35.43843533218022
0.35604907631426413
0.156349134233853
0.06677804672473998
0.06408888300887201
3.7479552514176144
1.0892694100380407
13.700686053970562
0.17531257048309798
3.1776929015361355
0.04145400541410815
0.9764640409988881
0.06635386998811002
13.448144239654965
0.031029833174946092
0.6567116222577393
1.655670988595047
6.364211955332339
2.5525936533966354
8.330143685955688
0.017075385512957692
0.3074288640354699
0.017636909763632
0.00025241495549168134
6.471132472647611
2.02387694766879
0.588573397220683
0.20314234804064002
0.08618010968019679
0.5160630392554744
0.3314412434458961
0.5650566679559829
0.19481085426552108
14.066585493119259
0.22102907464421828
9.169202232002464
0.34950784433773724
0.044432468122889715
8.433180541656058e-05
0.269980587825904
0.24746297063396716
2.5404421371228163
0.15142437463181876
0.002791533887538026
0.6295291111871275
3.1606077216416
0.3054001756497473
0.07447820543956966
0.01793620670296242
0.6636310030094517
0.16726678726786384
0.03337654956613357
0.42935980829395404
0.4558914272618085
0.016320034392497084
0.6141646953806194
1.367744482233404
1.648857012992929
1.8861647103473296
0.1948260776228821
2.392606688846771
1.2585356615196677
0.0029833525338122447
5.064087853630901
0.0023442763661830597
0.2681389110677106
0.040704302793898514
0.01772950826907165
1.2642778453123804
0.8390845009688562
4.358585499038349
0.7186294999062347
0.11641120390290059
0.21313529150740304
19.51821505006962
2.747706765016
0.6990835244325084
11.512961873866594
0.8677758539480379
1.4190787146424828
0.31521210049423776
0.6907745868989855
0.02491920383126251
0.4180452276880623
0.023946460928008905
0.0605850791515677
2.5635646547767994
4.295501815064075
1.4882687581720144
0.017443119593168632
1.4622056152716707
0.13416406474568593
5.057862284462272
0.13860415653576566
0.06010392286383136
0.1675505531648681
0.21122118032288303
4.858573325275524
1.3131607219414594
0.4537111490992364
0.03167840310614311
14.170649230875956
8.645534741063096e-05
0.7401009687157203
20.858255841534756
0.30911133887102943
0.5382103847917957
0.9036243545831164
1.3942883454926194
0.4560694552389435
0.21786771419923653
0.4764933559195993
0.08194306474567066
0.5903430017940046
13.268908933843866
0.6462603704562558
1.2698482475834205
7.595245412549936
1.7418640675729578
0.0024579509067609038
0.07233048476017745
0.10278030943989165
0.6429837766160958
3.9151220354295333
0.1255290602674662
12.270771095627328
0.278369823820874
0.20060656253425038
0.07915221198054495
0.3916165558583168
0.3175758472828856
1.2032991549638252
2.4052011173398786
0.008373050786003445
2.5045643961143473
0.258962128651405
0.006008155651610676
1.6024180894886324
4.563775482137631
0.0026979966017657963
10.519109425999298
0.24464108052223826
0.000304758142078443
0.00938867577661202
2.9521272821888487
8.131641485540657
0.04396531536290956
9.149317576855372
0.09808444666510181
3.5949359501571845
0.016814545170448166
15.714596013645034
0.037575096396204995
0.20374128397771385
0.0057346562427945565
0.625057107322354
0.1793987155183862
0.005960685420530558
1.7670482874749953
0.19064753953677277
0.06655098848447989
0.0014934602509894897
0.8940384125335558
0.024837162327192498
0.0029379385867213813
0.7256066587905983
0.07726388039253071
4.86266490677974
1.9223573637737417
4.171704102998049
1.1831996780137928
0.7638218312674452
0.0009142548742105572
0.551972141713344
0.37075901241641057
2.5709771534455643
4.8576653419034575e-05
0.018529273087359178
2.393895133825796
0.012023121579281362
1.7897790840698882
0.00145653098995947
2.4059152082898208
0.38454318745790234
0.002072754439654062
0.36641424113120336
1.210524763857457
2.0385462605662332
4.959443355992024e-05
6.503011618410172
6.572083738759225
0.724106832654446
0.452684968915905
0.24453286591475898
0.001047695901166876
0.12455520398510139
0.00797735751051019
9.118771877363073
20.63724573905501
2.255743390771703
3.525815562079287
0.23526469250981202
0.006429724054329217
0.6259182020669352
0.041149186512508734
0.9813462508095491
0.06912865049587638
2.8326236912907596
0.12243943031797014
0.1387563663264542
0.24102690129782098
0.14352239616220866
0.5463552647906693
0.36481573371423337
0.03946168370840583
0.02905233094762555
17.23004564292733
0.4411594226062913
0.2001580810795283
2.2564145101503383
4.503102892988428
1.3390099623953404
0.15727477029741618
0.027342694104035926
3.1834489409321467
0.03892094776253394
0.017644813967982013
0.20475488742892792
1.0376435619405988
0.8988145999815014
0.12252878603403586
1.1892778911253628
2.9726707527066907
1.0218016658416182
10.844714324070317
0.02814085742802878
0.16230009241770307
0.14164510979902326
0.5081181964880009
0.05546407005409759
2.5556374452829096
0.7869567666689569
0.07291718881339108
2.116788835991986
1.3642431333377147
6.831584325939019
0.2155221129421427
0.8620460152436363
2.0848794536717703
0.09935744448734131
2.668916349135997
1.8933089858052072
0.042632619535245185
0.28423108882191017
6.926874010181484
0.0112982182347112
1.2927111296734657
7.633012570683192
8.602650472264045
0.38832696465203437
0.009126339591453439
3.0167548404104347
0.0022543606143199616
0.0007667709608781536
1.9775906345504148
4.3760589479799155
2.3529800276078205
0.46111046779133924
6.374346627279955e-05
0.004459815195054272
0.007635562433855655
7.226691183576368
0.08428984199824578
6.957972673444777
0.051687116043881536
0.5183080674578865
6.89377700746403
0.03107908189080163
0.0038164396544625905
0.0627182042460203
2.2558324678201944
0.47419148033000513
0.10415403632651017
1.4081169049727864
2.195037237270305
0.0007847110498047685
0.159775414153518
0.12933787328056343
0.007126774412409762
0.005404611263415937
0.04015790818492215
0.7945164475445677
0.34657173041596234
1.6861011564937713
1.957558891107208
0.06165181727473803
0.18947956354735127
0.06946212218184031
0.9900616750752894
0.5510232900772061
0.2161953940213555
0.07668204990828256
0.21345129798031176
2.622565234220303
0.00040878174859854257
0.037804344321123964
2.3372317049651863
0.4427237366282991
0.650804739942106
1.7853048994566627
0.708212978021478
0.12403235633602765
0.001906332459401711
1.722956089937923
1.264542494486435
0.5350659354314972
0.013681202687195151
0.15639505398812337
2.050703862741839
0.5232754813914077
1.5504342407614413
3.958556315177406
0.021535387810134175
0.8893992384241612
0.15844860076666717
0.1707617744728706
0.6430833442194295
0.4011317452403586
8.592372773378212
1.4695899184339838
0.058371211518898666
0.007814425448073667
0.05405930999109672
0.007104967694311328
0.27958618580303807
0.5268576519177495
0.00873673110505756
0.0029120820019253803
0.01025448533329116
0.45432433868071226
0.5021521685281012
0.01290721567644599
3.5191164282152836
29.968363450987077
0.05194597513782306
0.27538073647823125
0.5676270481649198
26.12177197832575
0.12341879675182597
16.660557992451206
0.006525304383758383
0.21803979887690755
4.241167247150422
0.4060247530076241
1.857409631087797
0.09812599152778856
26.712723146842237
0.6370188793131096
0.051003715043466534
4.418811209599188
0.4593341122081201
0.032473509801312764
4.365160640052767
4.741297885342726
6.638571431109902
1.3854759484334267
4.248890840695372
1.0759458923546839
0.005574781034452683
0.026685285772922136
4.784181266132243
0.05389805182446236
0.1923230124044393
0.8463747403004858
0.3950712779770192
0.1970252835589206
0.5672355928540409
3.4392788158865693
20.6299668957029
2.155659427263345
0.002845592264706619
0.6198658019971789
2.0161495656232105
0.23704037979047318
0.44514563955465003
6.85304370089365
0.6813716977109955
0.04092282512639798
0.1495037004532813
0.018659454952745153
0.009058596346371153
0.3028699721221495
0.7149575576528632
0.21337378516979894
0.7481726105149079
0.5298959770812037
0.6575833698864756
0.0038517667240302073
0.0024311588170096675
1.0255655838451119
0.05289062827042141
8.006245107876621
0.5628323882422679
0.045486755486869423
0.11362611086879656
0.3033419369894195
0.971171559492685
0.1270437514989215
5.918365184253516
0.06487814744909984
3.179324443046401
0.21392011121025373
1.6591487841046928
0.3258131878545906
5.674919449360131
7.536842994511837
0.012319946351143978
